Vrms	Irms	RP	AP	PF	PFA	Count
-1206	-52
-1210	-55
-1209	-55
-1213	-54
-1221	-53
-1224	-57
-1225	-57
-1228	-55
-1237	-53
-1240	-56
-1239	-55
-1242	-53
-1251	-55
-1254	-53
-1253	-54
-1257	-55
-1265	-57
-1269	-55
-1265	-50
-1271	-55
-1278	-58
-1283	-54
-1280	-54
-1284	-55
-1293	-62
-1295	-55
-1295	-53
-1298	-54
-1301	-55
-1308	-53
-1302	-71
-1311	-57
-1313	-54
-1321	-53
-1325	-54
-1323	-55
-1328	-54
-1335	-53
-1337	-55
-1335	-55
-1340	-54
-1347	-54
-1349	-54
-1349	-52
-1351	-54
-1361	-57
-1362	-54
-1362	-53
-1364	-53
-1367	-55
-1375	-55
-1377	-55
-1375	-57
-1378	-55
-1386	-53
-1389	-54
-1387	-54
-1389	-53
-1396	-55
-1399	-55
-1399	-53
-1401	-54
-1409	-55
-1411	-53
-1410	-51
-1414	-52
-1418	-54
-1424	-53
-1422	-55
-1426	-55
-1427	-54
-1433	-53
-1437	-54
-1435	-54
-1439	-54
-1446	-53
-1448	-56
-1447	-56
-1451	-53
-1457	-53
-1460	-56
-1458	-54
-1460	-53
-1467	-55
-1469	-54
-1466	-51
-1469	-53
-1477	-54
-1480	-55
-1480	-52
-1480	-55
-1482	-53
-1488	-54
-1491	-55
-1489	-54
-1491	-53
-1497	-53
-1499	-56
-1497	-55
-1499	-55
-1506	-53
-1508	-55
-1506	-55
-1508	-55
-1514	-55
-1517	-51
-1515	-58
-1515	-54
-1523	-54
-1524	-54
-1522	-55
-1522	-54
-1528	-56
-1531	-55
-1529	-56
-1532	-63
-1537	-57
-1538	-55
-1536	-52
-1537	-53
-1542	-55
-1546	-53
-1546	-55
-1543	-55
-1546	-55
-1552	-53
-1554	-55
-1551	-56
-1552	-55
-1557	-53
-1560	-55
-1557	-55
-1559	-53
-1565	-54
-1565	-53
-1563	-56
-1565	-53
-1571	-57
-1572	-56
-1569	-56
-1571	-54
-1577	-54
-1578	-56
-1574	-51
-1576	-53
-1579	-54
-1584	-53
-1583	-54
-1583	-55
-1583	-56
-1589	-54
-1589	-55
-1589	-56
-1588	-50
-1602	-45
-1596	-55
-1591	-54
-1594	-54
-1600	-54
-1600	-55
-1597	-55
-1599	-53
-1605	-55
-1606	-55
-1603	-55
-1603	-53
-1611	-54
-1612	-54
-1607	-55
-1610	-53
-1614	-54
-1615	-56
-1612	-51
-1613	-55
-1616	-55
-1620	-54
-1621	-61
-1620	-56
-1619	-53
-1624	-52
-1626	-55
-1622	-56
-1622	-53
-1628	-55
-1630	-54
-1625	-54
-1626	-54
-1633	-53
-1633	-56
-1629	-54
-1631	-54
-1637	-57
-1636	-55
-1633	-52
-1633	-59
-1637	-57
-1639	-55
-1637	-54
-1635	-53
-1638	-55
-1633	-27
-1640	-53
-1637	-56
-1637	-54
-1643	-52
-1643	-55
-1639	-55
-1641	-55
-1645	-54
-1646	-54
-1641	-55
-1643	-54
-1647	-54
-1646	-55
-1642	-54
-1644	-55
-1647	-55
-1649	-55
-1647	-53
-1645	-55
-1645	-57
-1651	-53
-1650	-54
-1646	-56
-1648	-55
-1652	-54
-1652	-54
-1646	-55
-1649	-54
-1654	-54
-1653	-55
-1649	-54
-1649	-55
-1654	-56
-1655	-55
-1652	-59
-1651	-56
-1650	-54
-1656	-54
-1650	-54
-1651	-54
-1653	-53
-1657	-53
-1656	-55
-1653	-54
-1653	-55
-1657	-53
-1658	-55
-1653	-55
-1653	-55
-1659	-54
-1659	-54
-1655	-55
-1655	-54
-1659	-57
-1659	-54
-1655	-52
-1656	-54
-1659	-57
-1661	-55
-1658	-54
-1657	-55
-1658	-55
-1661	-55
-1661	-55
-1658	-55
-1657	-55
-1662	-55
-1661	-51
-1659	-55
-1660	-54
-1664	-53
-1663	-54
-1660	-58
-1659	-54
-1664	-55
-1665	-52
-1659	-56
-1660	-55
-1662	-58
-1665	-55
-1661	-55
-1662	-53
-1665	-54
-1666	-55
-1671	-49
-1662	-54
-1668	-56
-1666	-55
-1663	-54
-1663	-53
-1665	-57
-1668	-53
-1666	-54
-1663	-55
-1671	-41
-1669	-53
-1669	-55
-1663	-58
-1666	-53
-1669	-53
-1669	-55
-1666	-57
-1666	-56
-1670	-53
-1670	-55
-1665	-56
-1666	-53
-1670	-54
-1669	-56
-1667	-55
-1667	-55
-1670	-54
-1672	-55
-1667	-55
-1667	-56
-1673	-57
-1671	-58
-1669	-55
-1667	-55
-1667	-51
-1672	-55
-1671	-55
-1668	-59
-1668	-54
-1673	-54
-1673	-53
-1669	-57
-1669	-54
-1673	-55
-1673	-55
-1669	-56
-1669	-54
-1674	-53
-1674	-55
-1670	-54
-1669	-54
-1675	-54
-1673	-55
-1669	-55
-1671	-55
-1674	-56
-1674	-55
-1670	-52
-1670	-53
-1671	-56
-1673	-53
-1674	-54
-1670	-56
-1669	-53
-1675	-55
-1674	-52
-1671	-54
-1671	-55
-1673	-53
-1675	-54
-1670	-55
-1669	-54
-1675	-55
-1676	-55
-1670	-54
-1671	-57
-1675	-57
-1675	-53
-1672	-55
-1672	-55
-1672	-54
-1675	-56
-1675	-57
-1670	-56
-1664	-54
-1675	-54
-1675	-56
-1671	-55
-1671	-53
-1674	-53
-1675	-55
-1671	-51
-1670	-54
-1672	-51
-1675	-54
-1675	-54
-1670	-55
-1670	-57
-1674	-53
-1674	-55
-1669	-55
-1670	-55
-1674	-53
-1673	-55
-1669	-56
-1669	-53
-1676	-57
-1673	-57
-1670	-55
-1668	-53
-1673	-54
-1673	-54
-1668	-55
-1669	-54
-1673	-57
-1672	-55
-1666	-57
-1667	-55
-1668	-57
-1671	-53
-1669	-53
-1665	-55
-1665	-55
-1669	-53
-1667	-55
-1661	-57
-1661	-55
-1665	-56
-1664	-54
-1659	-56
-1657	-53
-1660	-52
-1661	-55
-1655	-56
-1652	-54
-1658	-53
-1655	-55
-1649	-55
-1650	-54
-1652	-53
-1649	-56
-1645	-57
-1641	-56
-1646	-53
-1645	-55
-1638	-55
-1637	-55
-1640	-57
-1638	-55
-1632	-53
-1630	-55
-1630	-59
-1630	-54
-1628	-54
-1621	-55
-1625	-55
-1622	-53
-1619	-53
-1613	-57
-1611	-55
-1613	-55
-1611	-57
-1604	-57
-1603	-50
-1605	-53
-1601	-55
-1595	-56
-1593	-53
-1594	-54
-1594	-51
-1586	-55
-1584	-54
-1586	-53
-1584	-56
-1577	-52
-1575	-53
-1578	-58
-1576	-54
-1568	-54
-1567	-56
-1570	-57
-1566	-53
-1560	-53
-1558	-55
-1560	-58
-1558	-56
-1552	-53
-1549	-54
-1547	-55
-1550	-54
-1548	-54
-1542	-53
-1540	-54
-1542	-54
-1540	-53
-1533	-58
-1531	-54
-1534	-56
-1531	-56
-1525	-52
-1522	-55
-1525	-55
-1522	-56
-1516	-55
-1516	-52
-1517	-56
-1514	-55
-1508	-49
-1504	-53
-1504	-57
-1496	-65
-1500	-53
-1495	-53
-1493	-55
-1494	-55
-1491	-54
-1487	-55
-1483	-54
-1485	-54
-1482	-55
-1474	-57
-1472	-57
-1473	-53
-1469	-55
-1462	-57
-1460	-53
-1461	-55
-1458	-57
-1450	-55
-1446	-52
-1447	-55
-1445	-54
-1439	-53
-1433	-54
-1431	-56
-1431	-55
-1428	-54
-1419	-55
-1417	-55
-1417	-54
-1414	-55
-1405	-57
-1403	-55
-1402	-53
-1398	-56
-1392	-53
-1386	-54
-1388	-55
-1385	-51
-1375	-57
-1373	-55
-1373	-52
-1369	-56
-1361	-55
-1361	-49
-1357	-57
-1356	-55
-1349	-54
-1342	-54
-1337	-53
-1339	-54
-1335	-54
-1326	-56
-1322	-55
-1324	-52
-1320	-55
-1312	-57
-1309	-55
-1310	-53
-1306	-56
-1298	-56
-1295	-54
-1297	-57
-1292	-55
-1285	-51
-1280	-55
-1279	-57
-1278	-55
-1274	-54
-1267	-55
-1264	-56
-1265	-55
-1262	-56
-1254	-56
-1251	-57
-1252	-53
-1248	-52
-1241	-56
-1237	-51
-1241	-60
-1236	-57
-1227	-56
-1226	-57
-1227	-55
-1225	-56
-1222	-37
-1213	-55
-1210	-52
-1211	-53
-1207	-55
-1201	-57
-1198	-55
-1200	-55
-1197	-55
-1189	-55
-1187	-54
-1188	-53
-1185	-55
-1177	-53
-1174	-55
-1174	-55
-1172	-55
-1169	-54
-1162	-57
-1158	-55
-1160	-53
-1157	-55
-1149	-56
-1146	-53
-1148	-54
-1143	-56
-1137	-55
-1133	-54
-1132	-57
-1129	-56
-1127	-55
-1121	-54
-1117	-55
-1117	-53
-1113	-56
-1106	-54
-1102	-54
-1104	-53
-1101	-49
-1092	-56
-1088	-54
-1089	-53
-1084	-56
-1077	-52
-1077	-51
-1070	-56
-1069	-55
-1066	-57
-1057	-55
-1054	-54
-1054	-53
-1050	-55
-1043	-53
-1039	-56
-1037	-56
-1035	-54
-1026	-56
-1023	-55
-1023	-54
-1018	-55
-1009	-57
-1007	-53
-1006	-56
-1003	-58
-993	-52
-990	-55
-985	-57
-987	-54
-982	-55
-974	-57
-969	-55
-971	-53
-966	-54
-957	-55
-953	-55
-955	-54
-950	-54
-940	-56
-937	-56
-939	-60
-933	-55
-927	-53
-921	-54
-917	-55
-914	-55
-917	-39
-905	-57
-899	-54
-901	-54
-897	-56
-887	-56
-884	-55
-884	-53
-879	-56
-872	-54
-868	-56
-868	-56
-863	-56
-854	-56
-851	-53
-851	-54
-848	-55
-838	-53
-834	-55
-834	-58
-834	-55
-825	-55
-817	-54
-813	-55
-814	-54
-810	-55
-802	-59
-796	-57
-797	-53
-791	-53
-785	-56
-780	-53
-780	-53
-776	-55
-767	-53
-764	-55
-760	-56
-759	-54
-754	-52
-745	-57
-742	-55
-741	-57
-738	-57
-729	-57
-725	-49
-724	-52
-719	-55
-711	-56
-707	-53
-709	-54
-703	-56
-693	-54
-689	-53
-689	-57
-685	-56
-679	-54
-672	-55
-668	-56
-667	-54
-663	-56
-655	-56
-650	-54
-651	-55
-647	-55
-637	-53
-635	-55
-632	-57
-630	-55
-624	-54
-617	-55
-613	-57
-615	-54
-610	-55
-602	-55
-597	-53
-598	-53
-593	-57
-584	-55
-581	-54
-583	-56
-577	-56
-568	-53
-565	-55
-562	-58
-561	-55
-552	-58
-547	-56
-545	-57
-545	-54
-539	-54
-530	-55
-526	-54
-526	-55
-523	-57
-515	-53
-509	-55
-504	-55
-505	-53
-500	-55
-493	-56
-488	-54
-485	-53
-482	-54
-473	-55
-469	-57
-469	-55
-464	-55
-454	-56
-449	-57
-449	-55
-445	-56
-436	-56
-430	-55
-431	-57
-427	-56
-421	-56
-413	-57
-409	-55
-408	-54
-406	-56
-397	-59
-393	-57
-393	-56
-386	-59
-377	-55
-374	-55
-375	-55
-370	-56
-362	-53
-357	-53
-359	-58
-355	-57
-345	-54
-342	-54
-340	-57
-338	-55
-334	-55
-327	-57
-323	-55
-324	-53
-319	-55
-311	-57
-308	-54
-309	-53
-305	-56
-297	-57
-293	-54
-295	-57
-291	-56
-281	-56
-277	-55
-279	-59
-276	-55
-267	-52
-263	-56
-261	-58
-259	-55
-256	-55
-246	-57
-242	-57
-244	-54
-241	-54
-234	-55
-227	-55
-230	-55
-222	-55
-215	-55
-211	-53
-211	-58
-207	-55
-196	-59
-193	-54
-189	-54
-189	-55
-185	-56
-175	-57
-170	-56
-171	-53
-165	-55
-156	-56
-153	-55
-153	-54
-146	-56
-138	-54
-135	-57
-131	-56
-129	-56
-124	-55
-115	-57
-110	-55
-111	-53
-105	-55
-97	-56
-91	-55
-91	-55
-86	-55
-78	-53
-73	-54
-74	-57
-70	-57
-61	-52
-55	-55
-53	-57
-51	-55
-44	-54
-37	-57
-33	-55
-33	-54
-27	-57
-20	-56
-15	-54
-12	-57
-11	-53
-2	-55
4	-57
3	-55
7	-55
14	-53
18	-55
24	-54
22	-54
27	-54
34	-57
38	-56
37	-55
41	-56
49	-56
54	-54
52	-53
57	-57
66	-57
69	-52
68	-56
71	-57
81	-57
85	-54
84	-58
87	-55
94	-53
101	-56
103	-56
104	-55
110	-54
117	-55
121	-55
121	-53
125	-53
133	-57
139	-53
138	-57
141	-56
150	-57
154	-55
154	-54
158	-55
173	-39
172	-56
171	-55
175	-57
183	-56
188	-54
188	-54
193	-55
203	-56
204	-57
207	-55
209	-55
215	-53
222	-55
226	-55
225	-54
230	-57
238	-57
241	-55
242	-54
245	-53
253	-57
258	-55
259	-54
261	-55
269	-55
272	-53
271	-55
277	-55
285	-55
290	-55
289	-56
293	-56
301	-57
305	-55
300	-53
309	-56
317	-54
319	-53
321	-57
323	-54
327	-53
335	-56
339	-57
338	-53
342	-55
343	-65
353	-55
353	-54
357	-55
365	-56
369	-55
367	-54
371	-55
379	-57
382	-53
381	-54
385	-56
394	-56
398	-53
399	-58
401	-57
408	-55
411	-54
410	-57
414	-57
422	-54
426	-55
425	-58
428	-55
435	-52
440	-56
442	-56
441	-56
447	-54
452	-57
456	-57
456	-53
459	-56
466	-52
470	-56
469	-55
474	-54
483	-57
487	-53
476	-36
486	-57
493	-54
498	-55
501	-57
501	-55
506	-54
511	-57
515	-58
515	-55
519	-56
526	-57
533	-56
531	-54
534	-56
542	-57
545	-55
545	-55
547	-57
557	-55
560	-53
559	-55
562	-55
570	-56
575	-53
573	-57
579	-57
587	-56
589	-55
589	-56
593	-55
602	-54
606	-50
604	-57
607	-56
614	-56
619	-55
621	-57
620	-53
627	-55
635	-56
634	-55
636	-56
642	-55
650	-55
653	-54
652	-55
656	-56
665	-56
667	-55
667	-54
671	-56
679	-57
683	-54
682	-55
687	-55
694	-52
697	-57
701	-56
700	-54
705	-55
711	-56
717	-55
713	-57
719	-55
728	-57
731	-55
729	-54
733	-57
742	-55
745	-55
743	-53
748	-55
755	-55
757	-57
759	-58
761	-57
767	-55
774	-56
777	-57
775	-56
780	-53
787	-56
791	-55
790	-54
795	-63
802	-57
806	-55
804	-55
807	-55
816	-54
819	-55
818	-54
821	-57
831	-56
835	-55
832	-57
837	-56
845	-53
847	-55
845	-57
850	-56
858	-53
861	-54
861	-58
863	-56
871	-53
875	-53
877	-57
877	-55
881	-54
887	-56
891	-57
889	-54
892	-54
901	-57
904	-55
903	-52
907	-57
914	-57
917	-62
911	-48
917	-55
925	-56
929	-55
932	-56
930	-43
935	-54
941	-55
945	-55
942	-55
946	-54
953	-55
955	-57
955	-53
958	-54
966	-57
967	-55
967	-53
971	-58
979	-57
982	-56
979	-57
983	-55
990	-54
995	-53
998	-54
999	-55
1002	-55
1010	-55
1013	-55
1012	-53
1015	-57
1023	-57
1027	-55
1026	-54
1031	-56
1039	-56
1045	-53
1042	-55
1045	-56
1054	-57
1058	-55
1057	-55
1061	-59
1069	-57
1073	-55
1075	-52
1075	-56
1085	-53
1087	-63
1090	-57
1091	-57
1097	-54
1103	-56
1106	-56
1105	-54
1107	-57
1117	-57
1121	-56
1119	-55
1123	-56
1131	-58
1133	-55
1132	-55
1138	-56
1146	-56
1147	-54
1147	-57
1151	-55
1158	-57
1161	-55
1159	-57
1163	-54
1171	-53
1175	-55
1171	-58
1175	-55
1183	-53
1187	-54
1187	-57
1189	-55
1193	-55
1200	-55
1203	-57
1201	-51
1207	-53
1214	-57
1215	-53
1214	-54
1218	-56
1231	-55
1229	-55
1227	-54
1229	-55
1239	-57
1241	-55
1238	-54
1242	-56
1250	-57
1252	-55
1251	-54
1255	-54
1262	-55
1266	-55
1263	-57
1266	-56
1273	-57
1278	-55
1275	-57
1279	-55
1283	-57
1289	-55
1293	-55
1289	-55
1293	-55
1301	-57
1304	-56
1302	-53
1304	-54
1313	-57
1313	-55
1311	-55
1315	-55
1323	-55
1325	-56
1324	-53
1327	-57
1333	-57
1335	-51
1334	-57
1336	-56
1343	-53
1345	-55
1343	-58
1343	-50
1351	-53
1357	-55
1357	-56
1355	-55
1358	-55
1364	-57
1367	-55
1365	-54
1367	-55
1373	-57
1375	-55
1372	-55
1375	-57
1381	-57
1383	-56
1382	-57
1383	-56
1391	-55
1389	-55
1389	-54
1389	-57
1397	-55
1398	-55
1395	-57
1398	-57
1404	-54
1405	-56
1405	-58
1406	-56
1410	-55
1412	-53
1413	-53
1411	-57
1417	-55
1419	-50
1418	-58
1418	-57
1425	-55
1426	-56
1423	-58
1433	-25
1427	-55
1433	-56
1432	-57
1429	-55
1433	-56
1438	-56
1435	-56
1436	-56
1438	-56
1441	-57
1444	-57
1443	-54
1444	-55
1449	-57
1452	-55
1447	-54
1449	-55
1456	-56
1455	-55
1452	-54
1454	-56
1461	-57
1461	-57
1458	-56
1460	-57
1466	-50
1467	-54
1466	-56
1465	-55
1466	-56
1470	-61
1471	-55
1470	-54
1471	-57
1476	-50
1478	-54
1475	-55
1474	-54
1482	-56
1483	-56
1478	-53
1480	-54
1487	-53
1486	-55
1483	-57
1484	-56
1489	-53
1491	-56
1491	-58
1490	-57
1493	-55
1495	-56
1497	-56
1494	-56
1493	-56
1500	-53
1501	-56
1495	-56
1497	-55
1501	-57
1502	-57
1498	-57
1502	-55
1505	-55
1503	-58
1502	-57
1506	-54
1509	-55
1507	-56
1505	-56
1507	-55
1509	-56
1511	-55
1507	-55
1507	-57
1512	-54
1514	-57
1510	-54
1511	-52
1515	-55
1515	-55
1511	-55
1511	-56
1520	-55
1520	-60
1513	-55
1515	-57
1521	-56
1519	-55
1515	-56
1516	-57
1521	-57
1519	-57
1516	-55
1517	-58
1523	-56
1519	-56
1519	-55
1519	-57
1523	-53
1523	-55
1522	-57
1519	-56
1521	-53
1526	-57
1525	-56
1518	-57
1523	-56
1526	-57
1527	-53
1523	-55
1522	-55
1527	-56
1527	-54
1522	-56
1523	-56
1529	-56
1529	-54
1525	-59
1522	-53
1527	-53
1531	-55
1529	-50
1525	-55
1526	-55
1530	-52
1531	-53
1526	-53
1527	-55
1531	-57
1533	-55
1527	-55
1528	-57
1532	-57
1532	-54
1530	-55
1529	-57
1532	-57
1534	-55
1529	-57
1529	-56
1534	-55
1534	-57
1530	-57
1529	-57
1535	-54
1534	-56
1533	-57
1531	-55
1532	-55
1535	-57
1537	-55
1532	-56
1531	-55
1535	-59
1535	-54
1531	-57
1533	-58
1535	-58
1538	-57
1531	-58
1531	-56
1534	-55
1539	-57
1538	-57
1533	-55
1535	-55
1539	-57
1539	-55
1541	-61
1535	-57
1539	-55
1539	-55
1535	-55
1535	-57
1541	-55
1540	-55
1535	-59
1535	-56
1538	-55
1541	-54
1540	-55
1535	-56
1537	-56
1542	-56
1542	-55
1537	-55
1535	-56
1543	-55
1542	-55
1535	-60
1535	-57
1541	-54
1543	-55
1542	-57
1539	-54
1539	-55
1543	-57
1543	-55
1539	-54
1539	-56
1543	-57
1544	-54
1539	-55
1539	-59
1545	-55
1545	-56
1539	-57
1540	-57
1543	-54
1537	-85
1543	-56
1540	-56
1535	-57
1545	-57
1545	-57
1540	-54
1541	-57
1545	-58
1546	-54
1541	-55
1543	-51
1545	-55
1545	-55
1542	-57
1542	-55
1542	-55
1546	-56
1546	-55
1541	-55
1541	-57
1545	-56
1545	-55
1541	-55
1541	-57
1546	-54
1543	-56
1541	-58
1540	-57
1542	-55
1546	-57
1545	-56
1540	-55
1541	-57
1546	-57
1544	-55
1540	-54
1541	-57
1548	-57
1545	-55
1540	-57
1541	-57
1543	-55
1545	-55
1550	-70
1539	-55
1541	-57
1545	-57
1543	-57
1540	-54
1540	-57
1545	-55
1544	-55
1539	-57
1539	-57
1545	-54
1543	-56
1543	-57
1537	-57
1538	-55
1543	-57
1541	-55
1535	-55
1535	-57
1539	-57
1539	-54
1534	-56
1533	-57
1539	-55
1538	-55
1531	-53
1531	-56
1535	-55
1533	-55
1529	-53
1529	-55
1530	-55
1531	-55
1529	-56
1522	-49
1522	-55
1527	-57
1523	-54
1518	-55
1518	-55
1518	-53
1518	-56
1512	-56
1511	-57
1515	-56
1515	-53
1507	-58
1505	-56
1508	-51
1507	-55
1502	-57
1497	-55
1499	-53
1500	-55
1497	-56
1490	-55
1489	-56
1491	-57
1489	-57
1482	-55
1478	-59
1485	-55
1479	-55
1474	-55
1471	-57
1474	-57
1471	-58
1464	-58
1463	-57
1464	-54
1463	-55
1462	-55
1455	-55
1451	-57
1455	-57
1454	-53
1448	-53
1444	-56
1447	-61
1445	-56
1438	-54
1436	-55
1439	-57
1435	-54
1425	-54
1428	-56
1431	-57
1428	-55
1422	-56
1419	-56
1422	-53
1421	-55
1415	-58
1413	-57
1413	-54
1413	-55
1409	-57
1403	-56
1402	-56
1405	-55
1401	-56
1394	-54
1391	-57
1395	-57
1392	-55
1386	-54
1385	-57
1386	-55
1383	-55
1377	-56
1375	-53
1378	-57
1374	-55
1367	-56
1365	-55
1367	-56
1363	-53
1357	-55
1354	-55
1354	-53
1353	-56
1346	-57
1341	-56
1341	-53
1341	-53
1348	-73
1330	-56
1327	-57
1329	-58
1325	-56
1317	-56
1314	-55
1317	-55
1314	-56
1304	-56
1300	-57
1300	-57
1298	-55
1289	-55
1286	-57
1287	-56
1283	-55
1275	-55
1271	-57
1272	-58
1269	-55
1259	-57
1257	-56
1258	-55
1254	-55
1245	-56
1241	-57
1241	-55
1239	-56
1231	-57
1227	-57
1228	-53
1225	-55
1215	-59
1212	-57
1213	-53
1207	-56
1201	-58
1196	-50
1199	-54
1195	-55
1187	-54
1183	-56
1183	-53
1177	-52
1175	-58
1169	-57
1167	-53
1166	-55
1162	-57
1154	-55
1150	-56
1151	-57
1149	-53
1141	-57
1138	-56
1140	-55
1135	-56
1127	-55
1124	-56
1126	-57
1123	-55
1115	-55
1111	-56
1113	-55
1110	-55
1101	-55
1099	-55
1103	-57
1097	-55
1091	-53
1087	-57
1088	-55
1086	-56
1078	-57
1074	-55
1075	-59
1073	-51
1067	-57
1061	-57
1063	-53
1061	-55
1057	-55
1051	-54
1047	-55
1054	-65
1046	-56
1038	-57
1035	-56
1036	-57
1033	-56
1027	-55
1022	-55
1023	-57
1021	-56
1013	-56
1010	-55
1012	-54
1010	-54
1002	-59
997	-56
995	-55
996	-54
991	-57
983	-57
980	-56
982	-57
979	-56
971	-55
967	-55
968	-57
963	-56
955	-55
951	-55
952	-58
948	-56
940	-55
938	-59
939	-57
935	-53
927	-56
921	-55
923	-53
919	-56
911	-58
906	-56
906	-56
904	-56
899	-57
891	-52
889	-55
888	-57
884	-55
876	-55
870	-56
872	-57
866	-58
858	-54
855	-55
856	-57
852	-55
843	-53
839	-57
835	-61
835	-56
825	-54
822	-57
823	-55
819	-55
810	-55
807	-55
807	-56
802	-56
796	-92
788	-57
790	-53
788	-55
782	-56
773	-56
771	-57
770	-55
764	-55
756	-54
751	-55
753	-57
748	-55
740	-55
735	-55
737	-57
732	-53
721	-57
719	-55
719	-56
715	-55
706	-55
703	-55
703	-54
699	-55
689	-57
685	-55
683	-55
682	-55
678	-57
668	-55
664	-55
665	-54
660	-57
648	-57
651	-57
649	-57
643	-55
636	-54
631	-55
631	-55
627	-53
617	-55
613	-56
615	-57
608	-55
599	-57
595	-57
590	-57
591	-57
583	-59
578	-55
575	-55
573	-55
568	-55
559	-54
555	-55
555	-56
551	-55
542	-53
537	-56
539	-56
533	-57
520	-56
519	-55
521	-57
515	-58
505	-55
502	-56
503	-55
499	-55
489	-58
486	-57
483	-57
481	-56
477	-55
468	-55
465	-55
466	-57
463	-50
452	-54
447	-53
451	-58
445	-57
437	-54
432	-68
433	-56
429	-55
421	-55
414	-54
418	-57
413	-55
403	-56
399	-55
399	-55
395	-55
386	-57
382	-57
382	-54
376	-55
369	-57
367	-55
365	-53
360	-55
351	-59
347	-57
345	-53
343	-56
337	-56
327	-55
325	-57
324	-54
319	-54
309	-54
306	-56
304	-55
299	-53
290	-54
287	-55
286	-57
276	-45
271	-55
269	-55
269	-57
264	-55
255	-55
251	-57
251	-54
247	-55
238	-57
235	-57
235	-54
231	-53
223	-57
218	-53
219	-53
215	-55
209	-60
203	-56
201	-53
199	-55
195	-57
187	-55
181	-63
185	-57
181	-56
172	-53
169	-57
169	-57
164	-56
158	-55
153	-57
155	-57
151	-55
142	-54
139	-57
141	-57
135	-55
127	-57
123	-56
123	-53
120	-55
113	-58
107	-54
107	-53
104	-56
98	-55
91	-55
88	-55
87	-57
83	-55
74	-54
70	-55
70	-57
67	-55
57	-54
53	-55
53	-57
49	-55
39	-54
34	-55
35	-60
30	-57
20	-53
17	-54
16	-56
13	-55
4	-65
-3	-56
-3	-56
-8	-55
-16	-55
-21	-55
-20	-56
-27	-55
-35	-55
-41	-56
-41	-57
-45	-56
-54	-57
-59	-55
-59	-55
-63	-55
-71	-57
-77	-55
-79	-54
-81	-56
-86	-55
-95	-55
-99	-54
-100	-57
-103	-54
-112	-55
-116	-55
-116	-56
-121	-55
-130	-56
-133	-58
-132	-55
-139	-59
-146	-55
-149	-55
-149	-57
-153	-55
-161	-55
-164	-57
-164	-57
-168	-56
-183	-57
-181	-56
-179	-53
-185	-55
-191	-58
-195	-55
-199	-54
-198	-55
-205	-57
-211	-56
-215	-56
-215	-57
-219	-56
-228	-55
-232	-55
-231	-57
-235	-56
-245	-54
-247	-55
-247	-54
-251	-57
-261	-53
-266	-57
-264	-56
-268	-55
-275	-57
-279	-56
-284	-55
-284	-56
-288	-54
-297	-53
-300	-55
-301	-57
-305	-55
-313	-53
-317	-55
-317	-56
-322	-57
-331	-56
-334	-56
-335	-55
-339	-57
-346	-57
-352	-56
-351	-47
-355	-55
-363	-57
-367	-57
-370	-55
-371	-56
-376	-57
-383	-56
-386	-55
-387	-56
-391	-55
-399	-53
-403	-55
-402	-57
-406	-56
-415	-55
-420	-55
-418	-55
-422	-56
-433	-55
-433	-54
-434	-56
-438	-55
-445	-53
-448	-57
-448	-55
-451	-54
-461	-55
-466	-57
-465	-54
-467	-55
-473	-55
-479	-53
-482	-53
-482	-56
-487	-54
-495	-55
-497	-55
-500	-56
-502	-54
-509	-54
-507	-63
-511	-57
-515	-55
-524	-57
-528	-55
-527	-53
-531	-56
-537	-58
-542	-57
-543	-54
-543	-55
-548	-54
-555	-54
-559	-55
-559	-57
-562	-55
-579	-47
-575	-56
-573	-57
-577	-57
-584	-55
-587	-57
-585	-55
-589	-54
-597	-57
-602	-55
-604	-55
-603	-55
-608	-56
-615	-55
-618	-56
-617	-55
-621	-55
-630	-56
-633	-58
-631	-55
-635	-53
-643	-56
-649	-51
-646	-55
-649	-56
-654	-57
-660	-56
-662	-54
-661	-62
-666	-55
-676	-55
-679	-57
-678	-57
-681	-53
-689	-53
-693	-56
-693	-57
-696	-57
-704	-55
-707	-56
-707	-55
-711	-55
-719	-55
-723	-56
-721	-56
-725	-55
-733	-57
-737	-57
-738	-53
-739	-55
-746	-57
-752	-55
-755	-55
-755	-57
-759	-54
-766	-53
-771	-57
-770	-55
-774	-54
-782	-55
-785	-55
-785	-53
-789	-55
-796	-64
-801	-57
-804	-53
-802	-55
-808	-56
-815	-54
-811	-25
-818	-57
-821	-56
-830	-55
-834	-57
-833	-55
-837	-56
-845	-58
-848	-56
-851	-54
-850	-56
-855	-55
-865	-57
-866	-57
-866	-57
-870	-55
-878	-53
-881	-57
-880	-56
-884	-56
-894	-62
-896	-57
-894	-55
-897	-55
-906	-57
-909	-56
-910	-55
-912	-54
-917	-56
-925	-54
-927	-56
-925	-57
-929	-56
-937	-54
-940	-56
-938	-57
-945	-55
-952	-54
-955	-55
-953	-55
-957	-53
-966	-55
-968	-54
-968	-54
-971	-50
-980	-57
-983	-57
-983	-53
-985	-54
-993	-58
-996	-55
-996	-53
-998	-54
-1003	-55
-1009	-54
-1012	-55
-1012	-54
-1013	-55
-1022	-54
-1026	-56
-1025	-57
-1029	-58
-1036	-55
-1038	-55
-1038	-55
-1041	-56
-1049	-56
-1050	-57
-1050	-56
-1053	-55
-1060	-57
-1063	-55
-1061	-57
-1067	-57
-1073	-56
-1076	-56
-1073	-53
-1077	-55
-1085	-61
-1089	-57
-1086	-53
-1089	-55
-1097	-59
-1100	-57
-1101	-53
-1110	-45
-1108	-58
-1113	-55
-1112	-52
-1114	-55
-1121	-57
-1128	-57
-1129	-55
-1129	-54
-1132	-56
-1140	-53
-1145	-55
-1145	-56
-1147	-56
-1156	-55
-1159	-55
-1159	-57
-1163	-56
-1171	-54
-1175	-55
-1173	-57
-1179	-56
-1187	-53
-1190	-55
-1189	-58
-1194	-55
-1201	-53
-1206	-57
-1203	-57
-1208	-55
-1216	-55
-1219	-56
-1219	-54
-1223	-53
-1231	-56
-1237	-57
-1237	-65
-1238	-57
-1248	-54
-1249	-55
-1248	-55
-1253	-53
-1260	-55
-1263	-55
-1263	-56
-1266	-53
-1274	-57
-1277	-57
-1274	-53
-1279	-55
-1286	-58
-1291	-55
-1293	-56
-1293	-56
-1295	-55
-1304	-53
-1307	-57
-1305	-54
-1309	-55
-1315	-57
-1321	-55
-1322	-53
-1322	-57
-1325	-55
-1333	-53
-1335	-56
-1335	-57
-1338	-55
-1345	-54
-1349	-56
-1347	-54
-1350	-57
-1356	-57
-1360	-56
-1359	-53
-1362	-55
-1365	-56
-1372	-54
-1374	-54
-1373	-58
-1376	-56
-1383	-55
-1387	-55
-1385	-57
-1390	-55
-1392	-49
-1399	-57
-1397	-57
-1400	-54
-1407	-55
-1410	-55
-1410	-55
-1411	-57
-1418	-58
-1423	-55
-1425	-56
-1423	-57
-1434	-41
-1434	-54
-1436	-55
-1435	-56
-1438	-57
-1445	-57
-1448	-56
-1446	-55
-1448	-55
-1458	-56
-1459	-55
-1456	-53
-1458	-54
-1466	-57
-1469	-55
-1470	-53
-1470	-57
-1473	-55
-1480	-54
-1481	-55
-1479	-59
-1482	-55
-1490	-55
-1491	-52
-1489	-56
-1491	-55
-1499	-54
-1501	-57
-1497	-55
-1499	-51
-1507	-57
-1509	-56
-1506	-54
-1508	-55
-1514	-57
-1517	-56
-1514	-53
-1515	-54
-1520	-55
-1524	-56
-1525	-56
-1524	-55
-1525	-57
-1532	-53
-1533	-54
-1531	-57
-1533	-55
-1540	-58
-1542	-57
-1539	-55
-1540	-55
-1547	-56
-1548	-57
-1545	-56
-1546	-56
-1553	-57
-1555	-55
-1549	-53
-1552	-55
-1557	-55
-1561	-54
-1561	-55
-1559	-55
-1561	-56
-1567	-55
-1567	-55
-1566	-55
-1569	-52
-1573	-56
-1574	-55
-1571	-55
-1573	-55
-1579	-55
-1584	-43
-1575	-57
-1581	-55
-1584	-53
-1586	-57
-1581	-58
-1584	-56
-1589	-55
-1592	-56
-1587	-57
-1588	-54
-1594	-53
-1596	-55
-1591	-57
-1594	-56
-1601	-57
-1601	-57
-1597	-53
-1599	-57
-1605	-57
-1606	-57
-1601	-53
-1605	-56
-1607	-56
-1611	-54
-1611	-56
-1609	-57
-1610	-55
-1615	-53
-1616	-57
-1613	-57
-1615	-55
-1620	-53
-1620	-56
-1618	-57
-1620	-53
-1624	-55
-1626	-57
-1622	-56
-1622	-55
-1629	-54
-1621	-72
-1624	-55
-1624	-54
-1631	-54
-1633	-55
-1627	-52
-1630	-56
-1633	-56
-1634	-54
-1635	-56
-1635	-53
-1632	-55
-1638	-55
-1641	-57
-1635	-55
-1635	-54
-1641	-54
-1641	-56
-1637	-57
-1637	-55
-1642	-55
-1643	-55
-1639	-57
-1641	-55
-1646	-55
-1645	-57
-1641	-54
-1643	-55
-1648	-58
-1646	-58
-1646	-54
-1643	-54
-1644	-52
-1648	-55
-1650	-55
-1645	-57
-1645	-55
-1650	-55
-1649	-66
-1645	-57
-1647	-55
-1654	-65
-1653	-55
-1648	-58
-1647	-58
-1654	-55
-1654	-57
-1649	-60
-1650	-55
-1656	-54
-1654	-56
-1649	-55
-1651	-55
-1656	-54
-1656	-57
-1653	-56
-1653	-54
-1657	-55
-1658	-57
-1653	-53
-1653	-55
-1658	-57
-1658	-57
-1657	-55
-1653	-55
-1655	-55
-1660	-54
-1660	-54
-1655	-57
-1657	-56
-1660	-53
-1660	-55
-1656	-57
-1657	-56
-1662	-56
-1661	-57
-1657	-51
-1657	-55
-1660	-58
-1660	-63
-1663	-55
-1657	-55
-1658	-57
-1663	-55
-1663	-55
-1665	-42
-1659	-55
-1665	-55
-1664	-55
-1659	-54
-1660	-54
-1665	-57
-1665	-55
-1662	-53
-1661	-52
-1664	-55
-1666	-55
-1665	-56
-1662	-55
-1662	-56
-1667	-54
-1666	-56
-1663	-56
-1662	-54
-1667	-55
-1668	-56
-1662	-57
-1664	-56
-1669	-57
-1669	-56
-1665	-57
-1664	-56
-1669	-57
-1669	-57
-1664	-53
-1665	-56
-1669	-57
-1670	-57
-1665	-53
-1667	-55
-1670	-58
-1671	-57
-1665	-53
-1667	-54
-1671	-58
-1672	-55
-1668	-56
-1666	-57
-1671	-61
-1670	-61
-1669	-53
-1668	-55
-1670	-57
-1672	-55
-1670	-54
-1668	-56
-1669	-55
-1673	-55
-1673	-55
-1669	-56
-1669	-55
-1673	-53
-1672	-54
-1669	-57
-1670	-56
-1675	-57
-1674	-57
-1669	-57
-1669	-56
-1675	-56
-1674	-55
-1669	-56
-1670	-55
-1676	-57
-1678	-54
-1671	-53
-1671	-54
-1672	-59
-1675	-53
-1674	-55
-1670	-55
-1672	-59
-1676	-55
-1675	-56
-1669	-59
-1671	-55
-1675	-55
-1674	-55
-1671	-57
-1671	-56
-1670	-35
-1675	-56
-1671	-57
-1671	-55
-1676	-56
-1676	-56
-1672	-54
-1666	-55
-1672	-55
-1675	-55
-1674	-55
-1672	-57
-1673	-55
-1675	-54
-1676	-57
-1670	-57
-1671	-55
-1675	-55
-1675	-55
-1671	-56
-1672	-53
-1676	-55
-1674	-53
-1670	-57
-1672	-54
-1674	-57
-1675	-55
-1672	-54
-1670	-55
-1672	-58
-1675	-55
-1673	-54
-1671	-55
-1671	-55
-1675	-55
-1675	-53
-1670	-56
-1671	-56
-1675	-54
-1674	-56
-1669	-55
-1669	-52
-1674	-54
-1673	-55
-1669	-57
-1669	-56
-1673	-57
-1673	-57
-1675	-49
-1667	-55
-1666	-54
-1669	-54
-1670	-57
-1665	-56
-1664	-56
-1669	-53
-1669	-55
-1661	-57
-1662	-56
-1665	-54
-1665	-57
-1660	-55
-1659	-57
-1662	-55
-1660	-55
-1655	-57
-1654	-55
-1658	-54
-1657	-55
-1650	-57
-1651	-54
-1652	-55
-1650	-56
-1645	-55
-1645	-54
-1648	-54
-1646	-58
-1639	-57
-1638	-56
-1643	-53
-1639	-56
-1633	-56
-1631	-55
-1633	-58
-1631	-54
-1635	-30
-1622	-55
-1621	-55
-1623	-56
-1621	-57
-1614	-55
-1612	-55
-1614	-55
-1611	-55
-1605	-57
-1604	-55
-1605	-55
-1603	-57
-1597	-55
-1595	-56
-1596	-55
-1595	-56
-1588	-57
-1586	-55
-1589	-54
-1584	-53
-1579	-56
-1577	-54
-1579	-54
-1577	-57
-1574	-65
-1568	-55
-1571	-54
-1568	-56
-1561	-56
-1559	-55
-1563	-56
-1560	-57
-1553	-53
-1552	-55
-1555	-50
-1553	-56
-1545	-51
-1544	-55
-1543	-58
-1545	-55
-1541	-53
-1535	-55
-1532	-55
-1536	-55
-1534	-57
-1528	-57
-1526	-55
-1534	-54
-1526	-56
-1519	-57
-1517	-55
-1519	-55
-1517	-54
-1509	-57
-1509	-55
-1511	-55
-1508	-55
-1501	-56
-1498	-55
-1500	-55
-1497	-53
-1491	-58
-1487	-55
-1490	-54
-1486	-55
-1480	-57
-1478	-54
-1479	-55
-1476	-57
-1467	-53
-1466	-55
-1466	-58
-1466	-57
-1458	-55
-1453	-55
-1450	-57
-1452	-55
-1447	-54
-1442	-53
-1437	-55
-1438	-55
-1434	-55
-1425	-57
-1425	-55
-1428	-42
-1419	-54
-1412	-56
-1409	-55
-1410	-55
-1406	-55
-1397	-56
-1392	-55
-1394	-55
-1390	-57
-1382	-56
-1378	-55
-1379	-58
-1376	-55
-1366	-55
-1363	-55
-1365	-57
-1360	-57
-1355	-55
-1349	-58
-1345	-55
-1345	-52
-1341	-57
-1335	-56
-1330	-56
-1330	-54
-1326	-55
-1317	-56
-1314	-55
-1315	-55
-1313	-55
-1304	-57
-1299	-54
-1301	-55
-1296	-55
-1289	-55
-1286	-57
-1287	-55
-1285	-55
-1276	-57
-1270	-55
-1265	-55
-1270	-57
-1261	-57
-1259	-55
-1261	-57
-1257	-56
-1252	-55
-1245	-55
-1242	-56
-1243	-55
-1240	-56
-1232	-57
-1229	-53
-1231	-58
-1228	-57
-1221	-57
-1218	-56
-1219	-54
-1215	-56
-1207	-57
-1203	-55
-1206	-55
-1203	-56
-1195	-57
-1192	-55
-1195	-55
-1192	-56
-1183	-57
-1180	-56
-1182	-59
-1179	-57
-1173	-54
-1170	-54
-1170	-58
-1167	-57
-1162	-55
-1156	-57
-1155	-57
-1162	-63
-1151	-56
-1143	-57
-1143	-56
-1142	-54
-1138	-57
-1129	-58
-1129	-52
-1129	-55
-1126	-56
-1118	-54
-1114	-55
-1111	-56
-1112	-55
-1108	-55
-1100	-56
-1097	-56
-1098	-54
-1104	-47
-1085	-57
-1082	-55
-1084	-55
-1079	-57
-1070	-57
-1069	-55
-1069	-55
-1065	-57
-1056	-57
-1053	-55
-1054	-55
-1049	-57
-1041	-56
-1037	-56
-1038	-56
-1034	-56
-1025	-55
-1021	-56
-1022	-55
-1017	-57
-1009	-58
-1005	-55
-1008	-55
-1000	-57
-993	-55
-989	-55
-990	-57
-985	-57
-971	-66
-973	-55
-970	-57
-969	-57
-962	-55
-956	-56
-953	-55
-952	-55
-948	-55
-939	-57
-935	-56
-937	-51
-932	-55
-922	-57
-920	-56
-920	-56
-916	-57
-905	-58
-903	-56
-904	-57
-900	-57
-891	-53
-885	-55
-882	-57
-882	-55
-879	-56
-871	-56
-867	-58
-866	-57
-862	-59
-852	-57
-848	-56
-850	-55
-846	-57
-837	-57
-832	-53
-834	-56
-828	-56
-821	-55
-816	-55
-817	-56
-812	-59
-807	-55
-800	-57
-795	-58
-797	-55
-790	-56
-782	-56
-777	-56
-779	-55
-775	-56
-765	-57
-761	-55
-762	-55
-757	-56
-747	-57
-744	-55
-745	-54
-739	-55
-730	-55
-727	-53
-727	-59
-723	-56
-717	-54
-709	-53
-706	-57
-705	-55
-701	-56
-693	-57
-687	-55
-687	-55
-682	-56
-674	-55
-670	-54
-670	-54
-666	-58
-655	-57
-653	-57
-652	-58
-650	-51
-639	-53
-635	-56
-634	-59
-631	-56
-627	-56
-617	-57
-615	-56
-615	-55
-610	-55
-601	-56
-598	-56
-599	-54
-596	-58
-586	-57
-582	-54
-584	-55
-578	-57
-570	-55
-566	-55
-567	-57
-563	-55
-555	-53
-549	-56
-547	-57
-547	-55
-542	-57
-533	-57
-529	-56
-529	-54
-525	-56
-515	-57
-513	-57
-513	-56
-508	-57
-499	-55
-493	-55
-494	-57
-489	-57
-481	-54
-477	-57
-472	-61
-470	-54
-467	-57
-456	-55
-454	-55
-453	-56
-448	-55
-438	-58
-434	-56
-435	-53
-429	-55
-421	-56
-417	-55
-417	-57
-413	-57
-403	-53
-399	-54
-395	-57
-393	-55
-391	-57
-381	-58
-377	-55
-378	-56
-374	-56
-364	-57
-361	-55
-362	-55
-358	-57
-349	-57
-353	-57
-346	-55
-341	-57
-333	-54
-329	-55
-330	-58
-328	-57
-323	-55
-314	-55
-310	-56
-312	-54
-308	-56
-299	-58
-298	-57
-297	-56
-293	-57
-284	-57
-281	-55
-281	-53
-277	-57
-269	-57
-274	-84
-267	-54
-262	-59
-253	-57
-250	-55
-251	-57
-246	-57
-237	-55
-234	-55
-235	-57
-230	-57
-222	-55
-216	-55
-215	-58
-213	-57
-207	-57
-199	-57
-196	-57
-195	-55
-190	-54
-182	-58
-178	-56
-177	-55
-171	-55
-163	-57
-159	-55
-159	-56
-153	-57
-144	-57
-141	-53
-141	-55
-136	-57
-126	-57
-121	-57
-121	-57
-115	-63
-109	-53
-103	-55
-97	-55
-98	-57
-93	-55
-85	-56
-80	-55
-79	-55
-73	-58
-65	-58
-62	-57
-61	-55
-57	-58
-47	-56
-43	-55
-43	-54
-39	-55
-30	-57
-26	-55
-26	-58
-21	-55
-15	-53
-9	-55
-5	-57
-5	-56
-1	-56
9	-57
13	-56
12	-57
16	-57
23	-59
26	-55
27	-53
31	-57
39	-57
43	-56
41	-56
47	-57
55	-57
57	-54
58	-57
61	-57
69	-57
74	-53
74	-57
77	-54
86	-57
89	-57
89	-56
97	-57
99	-55
106	-56
109	-56
109	-55
114	-57
123	-57
127	-55
125	-55
131	-57
139	-57
142	-57
142	-55
147	-54
155	-57
159	-55
159	-54
165	-54
172	-57
177	-56
175	-56
180	-55
189	-58
193	-55
193	-57
198	-57
207	-56
210	-56
210	-56
215	-56
222	-57
226	-58
226	-52
230	-55
238	-58
242	-61
242	-55
246	-56
255	-58
258	-57
258	-55
257	-19
271	-57
275	-55
275	-55
278	-57
288	-57
291	-55
290	-57
295	-56
303	-56
307	-55
305	-59
309	-57
317	-55
321	-56
320	-59
325	-57
332	-55
337	-56
337	-58
341	-57
344	-55
353	-55
354	-56
355	-57
359	-55
367	-55
371	-57
369	-57
373	-57
381	-58
385	-55
383	-53
387	-56
396	-58
400	-55
398	-55
402	-57
412	-55
414	-56
412	-56
419	-60
425	-57
427	-56
429	-54
431	-57
439	-57
441	-56
441	-56
444	-57
453	-56
455	-56
455	-57
459	-56
467	-54
471	-55
468	-58
472	-57
479	-57
484	-55
486	-57
486	-57
491	-57
497	-55
499	-57
499	-56
505	-55
511	-57
515	-57
515	-56
518	-55
526	-58
529	-56
527	-55
532	-57
541	-58
545	-50
543	-54
547	-58
555	-53
559	-56
557	-57
562	-59
569	-57
573	-55
569	-44
577	-56
582	-55
589	-57
593	-57
591	-55
594	-56
603	-59
607	-55
604	-58
610	-58
618	-54
622	-57
622	-55
625	-57
634	-54
637	-55
635	-58
639	-57
649	-54
652	-57
653	-57
655	-55
660	-56
667	-57
670	-58
667	-56
673	-57
682	-57
685	-57
683	-57
687	-57
695	-57
699	-56
699	-56
702	-58
710	-54
714	-55
714	-61
716	-57
724	-54
729	-54
731	-55
730	-57
735	-57
743	-58
747	-56
745	-56
747	-56
757	-57
759	-55
759	-55
763	-57
772	-57
773	-57
773	-53
778	-57
786	-57
787	-57
786	-58
791	-57
798	-55
803	-55
801	-59
807	-57
811	-55
817	-57
819	-56
819	-57
823	-54
830	-57
834	-56
831	-54
837	-55
843	-57
848	-53
847	-49
851	-57
859	-57
860	-51
859	-55
865	-57
873	-57
876	-55
875	-57
880	-65
886	-55
888	-57
887	-59
891	-56
895	-54
903	-57
904	-56
905	-57
908	-55
915	-57
918	-57
916	-55
919	-55
927	-57
930	-56
929	-56
933	-56
939	-57
942	-55
941	-57
944	-57
951	-57
955	-56
954	-59
956	-57
961	-54
967	-56
970	-57
967	-56
973	-56
981	-57
983	-56
981	-55
985	-57
995	-55
997	-56
995	-57
999	-56
1008	-54
1011	-56
1007	-60
1013	-57
1023	-54
1027	-53
1027	-57
1029	-56
1033	-57
1041	-57
1043	-55
1043	-55
1047	-57
1056	-59
1059	-57
1060	-55
1063	-54
1071	-57
1075	-56
1074	-56
1078	-56
1086	-57
1090	-56
1089	-57
1094	-57
1101	-54
1105	-55
1106	-59
1107	-56
1109	-56
1119	-56
1121	-56
1121	-55
1124	-56
1131	-59
1135	-56
1133	-55
1139	-53
1146	-58
1149	-56
1151	-54
1151	-57
1159	-57
1161	-57
1161	-55
1163	-56
1176	-50
1175	-55
1174	-56
1177	-54
1185	-57
1189	-56
1187	-59
1191	-57
1196	-55
1199	-55
1204	-57
1203	-56
1207	-55
1213	-58
1216	-56
1215	-57
1219	-57
1226	-57
1229	-55
1227	-55
1228	-57
1238	-54
1241	-57
1239	-59
1242	-57
1247	-55
1252	-57
1255	-57
1255	-56
1257	-58
1263	-60
1267	-55
1265	-53
1269	-57
1277	-58
1279	-54
1279	-55
1283	-57
1293	-53
1293	-56
1289	-56
1295	-55
1302	-57
1303	-57
1303	-58
1305	-57
1310	-55
1315	-56
1314	-59
1316	-57
1319	-55
1327	-57
1329	-55
1327	-56
1329	-57
1336	-57
1338	-56
1337	-55
1339	-57
1347	-57
1348	-56
1347	-56
1348	-58
1355	-57
1358	-56
1356	-56
1357	-57
1365	-53
1367	-58
1365	-59
1368	-57
1369	-57
1376	-57
1379	-57
1375	-55
1378	-56
1386	-55
1387	-57
1384	-55
1385	-49
1391	-58
1395	-55
1390	-55
1393	-60
1399	-55
1396	-57
1401	-59
1399	-57
1405	-55
1407	-57
1410	-57
1407	-57
1409	-57
1417	-57
1417	-57
1413	-54
1415	-55
1423	-57
1421	-53
1420	-55
1422	-57
1429	-57
1429	-56
1427	-58
1429	-57
1433	-54
1436	-55
1437	-57
1434	-55
1435	-57
1441	-57
1444	-56
1439	-57
1441	-57
1448	-58
1449	-56
1445	-54
1446	-58
1452	-57
1455	-56
1452	-59
1452	-56
1457	-55
1462	-62
1459	-57
1458	-56
1458	-57
1464	-59
1466	-56
1463	-57
1465	-57
1469	-57
1471	-57
1468	-56
1468	-56
1476	-57
1477	-57
1471	-57
1473	-57
1479	-54
1479	-55
1482	-57
1478	-57
1479	-55
1483	-57
1486	-56
1482	-56
1485	-57
1491	-56
1491	-57
1486	-56
1489	-57
1494	-58
1494	-56
1490	-56
1493	-57
1497	-58
1498	-55
1495	-53
1495	-56
1501	-59
1503	-57
1499	-59
1499	-55
1501	-57
1505	-57
1505	-57
1501	-56
1503	-57
1509	-57
1511	-57
1503	-55
1505	-57
1510	-58
1509	-55
1507	-56
1507	-58
1512	-57
1513	-57
1508	-57
1508	-55
1513	-57
1515	-57
1510	-57
1510	-57
1515	-56
1517	-57
1511	-59
1513	-56
1517	-56
1518	-57
1518	-57
1514	-55
1515	-57
1519	-57
1519	-57
1516	-56
1513	-61
1523	-57
1522	-57
1517	-55
1517	-57
1522	-57
1523	-55
1518	-57
1519	-60
1524	-57
1523	-56
1519	-59
1519	-57
1525	-53
1516	-83
1523	-57
1520	-55
1520	-57
1526	-58
1527	-57
1522	-55
1521	-57
1527	-57
1527	-55
1523	-56
1524	-57
1527	-57
1531	-59
1524	-58
1523	-57
1530	-54
1529	-56
1524	-57
1526	-55
1527	-58
1531	-55
1530	-57
1526	-57
1527	-55
1531	-56
1532	-55
1527	-55
1527	-57
1533	-57
1532	-56
1528	-55
1529	-56
1533	-56
1533	-57
1528	-58
1529	-57
1535	-57
1532	-51
1529	-55
1530	-56
1535	-55
1538	-55
1531	-59
1526	-42
1535	-54
1535	-57
1535	-58
1531	-56
1531	-57
1535	-58
1535	-57
1531	-55
1532	-57
1537	-57
1538	-55
1533	-56
1533	-56
1539	-56
1539	-57
1533	-57
1533	-57
1539	-56
1539	-55
1533	-61
1533	-58
1539	-55
1537	-57
1539	-57
1535	-57
1535	-55
1539	-58
1539	-55
1535	-55
1535	-56
1540	-58
1541	-56
1535	-55
1535	-57
1541	-62
1541	-57
1535	-56
1535	-57
1542	-57
1543	-56
1547	-69
1535	-57
1543	-57
1542	-56
1538	-56
1537	-57
1543	-59
1543	-56
1537	-56
1539	-57
1543	-57
1543	-57
1539	-57
1539	-56
1543	-53
1545	-54
1541	-55
1539	-56
1543	-53
1545	-55
1541	-59
1539	-57
1541	-57
1543	-59
1543	-56
1539	-57
1540	-57
1545	-58
1545	-57
1540	-55
1534	-41
1545	-57
1543	-57
1540	-58
1541	-57
1545	-59
1544	-57
1539	-57
1541	-61
1545	-57
1545	-57
1538	-58
1540	-57
1545	-55
1543	-60
1541	-58
1540	-57
1543	-55
1547	-58
1541	-60
1539	-59
1541	-56
1544	-56
1544	-56
1539	-56
1539	-57
1544	-57
1543	-56
1539	-55
1539	-57
1545	-57
1543	-56
1540	-54
1539	-58
1543	-57
1543	-57
1539	-54
1537	-57
1544	-57
1545	-55
1539	-56
1538	-58
1542	-57
1541	-56
1538	-58
1538	-57
1542	-56
1541	-56
1537	-57
1535	-65
1535	-56
1539	-56
1535	-55
1533	-59
1534	-54
1542	-71
1535	-57
1531	-55
1530	-57
1533	-58
1534	-56
1528	-57
1527	-57
1530	-57
1529	-57
1522	-55
1523	-56
1527	-57
1524	-56
1519	-55
1518	-55
1521	-57
1519	-55
1513	-58
1513	-57
1513	-56
1514	-56
1507	-59
1506	-57
1508	-55
1507	-57
1499	-61
1498	-56
1499	-54
1500	-55
1497	-58
1491	-55
1490	-53
1491	-57
1488	-57
1482	-60
1477	-57
1483	-58
1479	-55
1473	-55
1471	-57
1474	-56
1471	-55
1464	-56
1462	-57
1466	-57
1463	-57
1455	-55
1455	-57
1458	-57
1455	-57
1448	-55
1446	-58
1449	-57
1446	-57
1439	-55
1437	-56
1439	-57
1437	-56
1430	-57
1427	-56
1433	-54
1430	-55
1423	-61
1420	-57
1423	-53
1421	-57
1415	-59
1413	-57
1417	-55
1413	-57
1409	-58
