Vrms	Irms	RP	AP	PF	PFA	Count
1381	466
1377	466
1371	466
1369	463
1371	463
1368	460
1363	459
1363	463
1361	459
1357	455
1351	457
1355	455
1354	455
1345	453
1342	450
1344	453
1343	451
1332	452
1331	447
1335	447
1330	444
1323	447
1321	445
1322	443
1320	443
1311	441
1308	439
1309	439
1306	438
1299	439
1295	437
1295	433
1292	434
1285	434
1279	430
1283	428
1278	428
1271	427
1266	424
1269	423
1264	422
1255	421
1252	419
1253	417
1250	417
1241	415
1237	414
1238	411
1235	411
1223	409
1225	411
1224	407
1215	403
1211	404
1213	404
1209	392
1199	397
1195	398
1197	399
1195	395
1187	392
1184	352
1182	394
1179	391
1169	389
1168	387
1167	389
1165	383
1158	379
1154	382
1155	383
1151	380
1142	376
1140	378
1141	379
1137	375
1130	369
1127	371
1127	371
1123	370
1117	371
1113	367
1115	364
1111	365
1103	363
1101	361
1101	362
1099	359
1091	361
1087	357
1089	356
1086	357
1079	354
1076	350
1078	351
1075	351
1068	350
1064	349
1067	347
1062	345
1055	347
1053	344
1049	342
1051	343
1044	341
1041	339
1041	338
1039	338
1031	336
1030	337
1031	334
1027	334
1019	332
1016	332
1018	329
1013	329
1007	328
1003	327
1005	325
1002	325
993	323
991	322
991	321
988	319
980	319
978	317
979	317
975	315
966	311
963	313
964	311
961	310
951	309
949	307
949	307
945	303
938	302
935	301
935	299
931	297
921	299
921	295
922	295
911	294
907	291
908	294
903	295
898	285
893	285
893	285
889	283
879	282
877	279
877	278
873	278
865	275
862	274
862	273
857	272
849	271
846	269
847	268
841	267
833	265
829	263
829	261
825	259
815	259
813	255
813	255
810	255
801	255
797	249
798	248
793	248
785	247
781	247
782	244
780	240
767	239
765	240
767	236
761	236
751	235
746	231
749	231
743	231
725	206
731	227
731	226
727	224
719	223
715	223
717	220
712	219
703	219
699	217
700	215
694	211
687	212
685	211
683	209
675	205
670	205
671	205
666	202
657	198
655	199
655	198
649	197
641	192
637	193
638	191
633	190
624	189
622	187
621	187
616	187
606	182
601	177
602	178
595	178
587	179
585	173
586	171
581	168
574	170
567	167
563	159
562	164
553	163
548	161
550	159
545	160
536	156
532	155
533	153
527	152
519	151
515	148
515	145
512	147
502	145
499	142
499	140
495	140
486	139
482	136
483	134
477	132
470	134
467	130
467	128
463	128
454	126
453	125
451	124
447	121
439	119
437	119
436	120
425	117
423	115
423	115
419	112
411	108
405	113
407	108
403	107
394	105
391	103
390	103
384	105
377	95
373	95
373	95
369	93
359	88
355	89
355	90
350	87
340	81
336	81
337	83
333	80
324	74
319	75
319	75
313	73
303	71
300	67
302	66
295	67
285	63
282	62
281	59
277	60
267	58
263	54
264	52
260	53
250	51
247	49
247	46
243	47
235	45
231	44
229	38
228	40
219	41
214	36
215	34
211	34
191	60
199	30
199	28
195	27
187	27
183	24
184	22
181	23
173	23
169	18
169	15
165	17
157	15
154	14
156	12
151	13
142	10
139	7
140	7
136	5
127	5
123	3
124	-1
121	-2
111	-1
107	-5
107	-8
103	-6
94	-8
91	-10
91	-13
87	-14
79	-18
73	-21
75	-20
68	-18
61	-21
57	-25
57	-29
53	-28
44	-27
29	-57
39	-35
35	-35
25	-35
22	-39
20	-41
16	-41
7	-43
3	-46
3	-47
-2	-51
-12	-50
-14	-53
-17	-54
-23	-58
-30	-58
-33	-58
-36	-61
-41	-66
-49	-65
-54	-69
-53	-69
-60	-73
-68	-71
-71	-77
-72	-77
-77	-78
-86	-78
-89	-85
-89	-87
-95	-87
-103	-87
-108	-90
-107	-93
-112	-93
-119	-94
-125	-97
-123	-99
-129	-101
-137	-101
-141	-103
-141	-108
-145	-105
-153	-107
-156	-113
-156	-111
-160	-114
-167	-113
-170	-116
-171	-117
-177	-121
-183	-121
-183	-120
-185	-121
-193	-129
-200	-127
-199	-128
-202	-131
-211	-135
-214	-133
-214	-134
-217	-137
-227	-141
-230	-140
-230	-142
-236	-143
-241	-147
-248	-147
-247	-148
-250	-150
-259	-153
-263	-154
-262	-156
-268	-157
-275	-159
-278	-161
-278	-164
-282	-163
-293	-167
-294	-169
-295	-169
-300	-170
-309	-177
-313	-177
-312	-175
-309	-165
-325	-179
-329	-182
-329	-185
-334	-186
-342	-185
-345	-189
-344	-191
-349	-191
-357	-193
-361	-196
-361	-198
-365	-197
-374	-201
-377	-201
-376	-203
-380	-205
-387	-204
-393	-207
-391	-211
-396	-211
-405	-211
-408	-214
-407	-217
-412	-217
-421	-217
-424	-223
-429	-224
-429	-224
-436	-223
-440	-226
-439	-229
-441	-227
-450	-230
-453	-232
-451	-233
-458	-236
-465	-236
-469	-242
-469	-241
-473	-242
-485	-242
-485	-247
-484	-248
-488	-249
-497	-249
-499	-253
-497	-254
-502	-254
-511	-256
-514	-257
-514	-260
-518	-261
-525	-261
-529	-262
-527	-264
-531	-265
-541	-269
-543	-269
-543	-267
-545	-273
-554	-277
-557	-274
-557	-274
-559	-276
-564	-278
-571	-280
-573	-281
-574	-283
-579	-284
-586	-286
-588	-287
-588	-290
-591	-289
-599	-291
-602	-293
-601	-297
-605	-295
-614	-296
-618	-295
-615	-301
-619	-301
-628	-302
-631	-304
-629	-305
-633	-311
-640	-306
-645	-309
-643	-311
-647	-311
-655	-313
-658	-315
-657	-317
-661	-318
-669	-318
-673	-321
-672	-322
-676	-323
-684	-322
-687	-327
-685	-327
-690	-329
-699	-330
-701	-332
-700	-336
-705	-336
-713	-334
-717	-339
-715	-341
-718	-340
-727	-341
-731	-343
-729	-345
-733	-345
-741	-345
-745	-349
-744	-351
-749	-349
-756	-351
-760	-355
-758	-358
-763	-357
-770	-357
-773	-361
-774	-363
-777	-362
-792	-348
-789	-367
-789	-369
-793	-369
-801	-369
-804	-372
-803	-375
-807	-375
-816	-376
-819	-378
-818	-381
-822	-379
-829	-381
-833	-382
-833	-386
-837	-385
-845	-385
-848	-390
-847	-391
-851	-392
-860	-393
-863	-396
-862	-397
-865	-397
-873	-397
-877	-400
-876	-404
-880	-402
-888	-403
-891	-405
-889	-408
-894	-407
-901	-409
-905	-409
-905	-413
-909	-412
-915	-414
-918	-415
-917	-416
-921	-419
-929	-420
-933	-420
-932	-424
-935	-424
-945	-424
-946	-427
-945	-429
-949	-429
-956	-429
-959	-433
-959	-437
-962	-433
-971	-435
-973	-437
-973	-440
-975	-440
-984	-441
-987	-443
-986	-445
-989	-445
-997	-445
-999	-447
-999	-449
-1003	-449
-1009	-451
-1012	-453
-1012	-453
-1014	-454
-1024	-457
-1025	-459
-1024	-459
-1027	-459
-1034	-459
-1038	-461
-1037	-464
-1040	-463
-1047	-465
-1050	-466
-1049	-467
-1051	-467
-1059	-468
-1061	-471
-1061	-474
-1063	-472
-1072	-473
-1069	-466
-1074	-476
-1075	-476
-1084	-479
-1086	-480
-1084	-477
-1089	-481
-1101	-486
-1100	-484
-1098	-483
-1101	-486
-1105	-488
-1112	-488
-1115	-490
-1115	-493
-1121	-493
-1128	-495
-1131	-497
-1128	-496
-1134	-498
-1141	-500
-1142	-499
-1144	-502
-1148	-503
-1155	-505
-1160	-506
-1160	-510
-1164	-511
-1171	-511
-1173	-511
-1175	-513
-1183	-518
-1187	-519
-1188	-516
-1190	-519
-1197	-525
-1203	-522
-1205	-525
-1204	-525
-1208	-526
-1216	-526
-1210	-547
-1219	-530
-1223	-531
-1230	-532
-1232	-531
-1234	-535
-1237	-537
-1245	-537
-1247	-537
-1246	-540
-1250	-541
-1258	-543
-1261	-543
-1259	-544
-1265	-545
-1271	-546
-1273	-546
-1273	-550
-1277	-550
-1285	-553
-1287	-553
-1286	-554
-1290	-555
-1298	-554
-1298	-555
-1298	-557
-1305	-561
-1310	-561
-1309	-561
-1313	-564
-1318	-565
-1322	-564
-1322	-563
-1325	-568
-1333	-569
-1336	-570
-1333	-569
-1336	-570
-1343	-577
-1348	-573
-1349	-573
-1349	-575
-1354	-577
-1359	-577
-1360	-581
-1359	-580
-1365	-581
-1371	-581
-1373	-582
-1373	-580
-1379	-586
-1385	-585
-1382	-584
-1385	-587
-1391	-590
-1395	-590
-1395	-588
-1397	-589
-1402	-593
-1407	-593
-1406	-592
-1409	-594
-1416	-597
-1419	-595
-1418	-599
-1420	-598
-1427	-598
-1430	-602
-1428	-600
-1431	-603
-1439	-604
-1441	-605
-1438	-605
-1443	-604
-1449	-607
-1452	-609
-1448	-609
-1451	-609
-1459	-609
-1461	-614
-1459	-611
-1462	-611
-1468	-609
-1469	-614
-1469	-616
-1479	-591
-1478	-617
-1480	-617
-1478	-619
-1480	-617
-1487	-617
-1487	-619
-1485	-620
-1488	-620
-1497	-621
-1497	-622
-1495	-623
-1498	-623
-1502	-624
-1504	-625
-1502	-626
-1503	-625
-1509	-626
-1513	-627
-1509	-627
-1515	-629
-1518	-628
-1519	-628
-1517	-630
-1518	-630
-1525	-629
-1526	-629
-1524	-632
-1525	-633
-1532	-631
-1534	-633
-1531	-634
-1533	-630
-1538	-633
-1540	-634
-1535	-635
-1538	-635
-1555	-630
-1544	-639
-1544	-637
-1545	-637
-1563	-642
-1552	-638
-1550	-640
-1553	-638
-1557	-639
-1559	-640
-1556	-642
-1557	-641
-1563	-641
-1565	-642
-1561	-642
-1564	-643
-1569	-643
-1573	-645
-1569	-648
-1569	-645
-1575	-644
-1576	-645
-1573	-647
-1574	-645
-1580	-645
-1581	-646
-1579	-648
-1583	-648
-1585	-646
-1587	-649
-1584	-649
-1585	-648
-1590	-650
-1589	-648
-1588	-648
-1593	-652
-1596	-651
-1592	-649
-1592	-650
-1600	-649
-1599	-654
-1596	-649
-1597	-652
-1603	-655
-1605	-653
-1599	-652
-1601	-652
-1607	-653
-1609	-652
-1605	-653
-1606	-653
-1613	-654
-1612	-655
-1609	-653
-1610	-655
-1617	-655
-1617	-653
-1613	-657
-1615	-657
-1619	-656
-1621	-656
-1617	-657
-1618	-657
-1623	-656
-1624	-657
-1622	-659
-1620	-657
-1627	-657
-1626	-657
-1623	-658
-1624	-657
-1628	-657
-1628	-658
-1625	-658
-1626	-657
-1632	-657
-1633	-658
-1627	-659
-1627	-657
-1632	-659
-1632	-654
-1629	-659
-1630	-658
-1635	-662
-1634	-657
-1631	-659
-1631	-657
-1636	-659
-1635	-658
-1632	-657
-1634	-661
-1636	-657
-1635	-655
-1632	-657
-1635	-661
-1639	-657
-1643	-660
-1634	-657
-1639	-660
-1639	-658
-1635	-657
-1635	-657
-1641	-659
-1641	-659
-1636	-654
-1638	-661
-1640	-659
-1641	-657
-1640	-659
-1638	-661
-1639	-657
-1642	-657
-1640	-655
-1640	-659
-1640	-659
-1645	-655
-1643	-657
-1640	-657
-1642	-659
-1645	-658
-1642	-655
-1641	-657
-1644	-659
-1646	-657
-1641	-656
-1642	-657
-1647	-664
-1647	-657
-1646	-654
-1644	-656
-1657	-666
-1647	-657
-1647	-656
-1645	-655
-1645	-656
-1649	-656
-1647	-655
-1645	-655
-1646	-657
-1650	-654
-1650	-654
-1645	-656
-1646	-656
-1651	-654
-1651	-657
-1645	-657
-1647	-655
-1651	-653
-1651	-654
-1648	-656
-1649	-656
-1652	-654
-1652	-654
-1648	-657
-1648	-655
-1653	-654
-1653	-654
-1649	-656
-1648	-654
-1653	-653
-1654	-654
-1649	-656
-1650	-655
-1655	-654
-1655	-654
-1648	-655
-1649	-653
-1656	-653
-1652	-653
-1650	-655
-1652	-654
-1655	-655
-1655	-653
-1650	-656
-1651	-656
-1655	-651
-1656	-653
-1654	-654
-1652	-652
-1658	-653
-1657	-653
-1652	-652
-1652	-651
-1658	-651
-1658	-655
-1653	-653
-1653	-652
-1657	-653
-1657	-652
-1654	-652
-1654	-652
-1664	-665
-1659	-653
-1654	-651
-1654	-650
-1660	-654
-1658	-651
-1656	-649
-1655	-652
-1654	-651
-1659	-650
-1656	-649
-1655	-650
-1659	-654
-1660	-651
-1657	-649
-1656	-651
-1659	-653
-1661	-650
-1656	-650
-1657	-650
-1658	-652
-1660	-649
-1658	-648
-1656	-650
-1653	-657
-1661	-650
-1665	-650
-1657	-650
-1657	-649
-1661	-649
-1660	-648
-1657	-649
-1656	-649
-1661	-649
-1661	-648
-1656	-650
-1657	-649
-1663	-646
-1661	-649
-1656	-649
-1657	-647
-1659	-646
-1660	-648
-1656	-647
-1656	-643
-1663	-648
-1661	-647
-1657	-649
-1656	-646
-1661	-645
-1663	-646
-1656	-648
-1656	-646
-1661	-645
-1661	-647
-1656	-647
-1658	-645
-1661	-645
-1660	-646
-1661	-658
-1656	-644
-1661	-643
-1661	-646
-1656	-645
-1656	-643
-1660	-646
-1661	-644
-1658	-643
-1657	-642
-1657	-645
-1660	-644
-1658	-641
-1656	-643
-1655	-644
-1661	-642
-1659	-643
-1654	-642
-1655	-641
-1659	-641
-1657	-643
-1654	-643
-1654	-642
-1658	-641
-1658	-641
-1653	-642
-1650	-643
-1653	-640
-1656	-641
-1652	-642
-1649	-641
-1653	-638
-1653	-638
-1647	-639
-1647	-637
-1652	-636
-1649	-635
-1645	-637
-1643	-637
-1646	-634
-1645	-635
-1640	-633
-1639	-633
-1643	-633
-1644	-631
-1636	-633
-1635	-632
-1637	-631
-1636	-630
-1629	-627
-1625	-623
-1632	-632
-1630	-627
-1626	-625
-1622	-627
-1621	-625
-1624	-625
-1620	-623
-1616	-624
-1613	-622
-1617	-622
-1613	-621
-1607	-620
-1605	-620
-1608	-617
-1606	-617
-1599	-617
-1597	-615
-1599	-612
-1597	-613
-1589	-611
-1589	-610
-1591	-609
-1588	-610
-1580	-608
-1579	-608
-1581	-606
-1580	-606
-1573	-606
-1572	-603
-1573	-603
-1571	-604
-1564	-600
-1562	-600
-1564	-601
-1561	-599
-1555	-599
-1553	-595
-1556	-598
-1554	-595
-1547	-595
-1558	-604
-1548	-592
-1545	-592
-1538	-590
-1537	-589
-1540	-589
-1536	-589
-1530	-588
-1529	-585
-1531	-585
-1528	-585
-1523	-589
-1519	-582
-1521	-583
-1521	-580
-1514	-579
-1512	-578
-1515	-578
-1513	-579
-1504	-577
-1503	-576
-1505	-577
-1503	-575
-1497	-571
-1493	-572
-1496	-573
-1495	-573
-1486	-567
-1485	-566
-1486	-569
-1485	-568
-1478	-565
-1476	-564
-1477	-563
-1474	-564
-1468	-565
-1465	-561
-1467	-560
-1465	-565
-1456	-558
-1453	-556
-1457	-555
-1453	-555
-1444	-554
-1445	-554
-1443	-552
-1440	-549
-1432	-549
-1429	-547
-1431	-546
-1428	-547
-1418	-545
-1416	-542
-1417	-541
-1413	-541
-1405	-539
-1402	-537
-1403	-534
-1400	-535
-1391	-534
-1387	-531
-1388	-529
-1384	-529
-1376	-527
-1373	-525
-1374	-522
-1369	-522
-1360	-522
-1357	-521
-1357	-517
-1355	-517
-1348	-517
-1343	-514
-1344	-511
-1339	-511
-1332	-513
-1327	-513
-1328	-506
-1325	-506
-1317	-508
-1313	-503
-1314	-501
-1311	-501
-1303	-501
-1300	-499
-1303	-503
-1297	-495
-1288	-498
-1284	-493
-1285	-491
-1283	-491
-1273	-490
-1271	-488
-1271	-484
-1266	-485
-1260	-483
-1257	-483
-1258	-482
-1251	-478
-1247	-479
-1247	-480
-1244	-476
-1237	-476
-1234	-474
-1235	-474
-1232	-470
-1224	-470
-1225	-467
-1223	-470
-1220	-468
-1210	-467
-1208	-465
-1210	-465
-1206	-463
-1198	-461
-1196	-459
-1197	-459
-1196	-458
-1188	-457
-1184	-456
-1188	-452
-1183	-454
-1180	-441
-1173	-454
-1173	-449
-1169	-447
-1172	-481
-1168	-451
-1163	-447
-1159	-445
-1150	-445
-1147	-443
-1149	-441
-1145	-440
-1138	-440
-1135	-437
-1136	-436
-1133	-435
-1125	-435
-1122	-433
-1125	-431
-1118	-429
-1111	-431
-1108	-425
-1111	-426
-1105	-426
-1099	-425
-1095	-423
-1096	-421
-1092	-422
-1085	-420
-1081	-418
-1082	-416
-1077	-415
-1069	-412
-1066	-412
-1067	-412
-1064	-410
-1055	-407
-1052	-407
-1049	-408
-1048	-403
-1042	-403
-1036	-401
-1033	-399
-1034	-399
-1028	-397
-1018	-398
-1018	-395
-1017	-393
-1009	-389
-1005	-389
-1004	-391
-1001	-388
-994	-383
-988	-385
-987	-385
-985	-380
-979	-377
-973	-378
-971	-378
-970	-376
-963	-372
-957	-373
-956	-373
-961	-364
-949	-368
-941	-367
-937	-365
-937	-364
-933	-362
-926	-362
-921	-359
-922	-355
-918	-355
-909	-355
-905	-352
-906	-351
-903	-350
-893	-349
-896	-357
-891	-346
-886	-347
-878	-345
-873	-341
-881	-329
-871	-339
-863	-338
-859	-336
-859	-332
-854	-333
-841	-345
-841	-331
-842	-329
-836	-326
-829	-325
-825	-325
-825	-324
-821	-322
-812	-322
-809	-318
-810	-315
-805	-315
-797	-316
-793	-312
-793	-309
-789	-309
-781	-309
-776	-307
-777	-303
-772	-303
-763	-299
-759	-302
-759	-298
-754	-297
-745	-296
-741	-294
-742	-292
-737	-291
-729	-291
-725	-288
-726	-285
-720	-285
-713	-284
-708	-280
-709	-281
-703	-277
-695	-277
-689	-275
-689	-269
-685	-271
-677	-270
-673	-269
-673	-266
-669	-265
-660	-262
-655	-261
-656	-259
-651	-259
-643	-259
-641	-257
-639	-254
-636	-253
-626	-251
-622	-249
-623	-247
-619	-249
-611	-244
-606	-243
-606	-242
-602	-241
-594	-241
-590	-237
-591	-235
-587	-235
-579	-235
-575	-231
-576	-229
-571	-230
-563	-229
-559	-226
-559	-225
-556	-223
-547	-224
-542	-218
-544	-221
-540	-218
-531	-217
-526	-213
-527	-212
-523	-213
-514	-211
-509	-209
-509	-205
-505	-205
-495	-204
-498	-189
-493	-200
-487	-199
-477	-197
-473	-195
-473	-193
-468	-189
-458	-189
-456	-188
-454	-186
-450	-185
-439	-180
-435	-181
-434	-181
-432	-178
-424	-174
-417	-171
-417	-175
-413	-172
-405	-168
-400	-166
-399	-168
-395	-164
-389	-161
-381	-159
-379	-159
-379	-154
-374	-156
-367	-155
-363	-155
-362	-152
-357	-148
-351	-147
-346	-147
-346	-145
-344	-141
-335	-142
-332	-142
-331	-139
-329	-137
-320	-137
-309	-123
-317	-133
-313	-133
-305	-131
-302	-130
-301	-129
-297	-126
-289	-124
-287	-125
-287	-122
-283	-120
-275	-120
-271	-118
-273	-116
-268	-115
-261	-113
-258	-114
-258	-111
-249	-106
-244	-105
-245	-110
-241	-105
-236	-102
-229	-103
-227	-102
-227	-101
-219	-95
-213	-95
-208	-93
-209	-91
-202	-90
-195	-88
-191	-88
-191	-86
-186	-84
-178	-83
-174	-81
-173	-79
-167	-78
-160	-75
-155	-73
-153	-70
-149	-69
-141	-70
-135	-71
-136	-62
-131	-61
-123	-61
-118	-58
-117	-57
-113	-56
-104	-54
-98	-49
-99	-49
-93	-46
-85	-47
-79	-42
-81	-40
-75	-42
-67	-37
-62	-34
-62	-37
-59	-33
-49	-28
-47	-35
-45	-29
-41	-25
-34	-24
-26	-23
-21	-18
-22	-14
-18	-17
-9	-17
-5	-11
-6	-11
-1	-9
9	-11
11	-5
11	-3
15	-7
24	-1
28	-1
28	3
31	3
39	9
51	37
43	9
46	11
52	13
59	13
61	15
61	18
66	18
74	19
79	22
76	23
81	25
89	25
93	29
93	29
98	31
107	33
109	35
109	35
114	39
124	38
126	42
126	43
130	45
140	46
143	50
143	50
147	52
155	52
159	57
159	57
164	59
172	63
177	63
177	63
183	70
190	71
193	70
195	69
198	72
204	76
211	79
215	79
213	79
218	81
228	82
231	84
231	86
234	87
243	91
247	91
246	93
250	95
259	95
263	98
260	100
266	101
275	103
278	105
277	107
283	107
291	108
294	111
293	113
297	113
306	114
309	118
308	119
312	119
321	123
323	124
323	125
328	126
336	127
339	130
339	131
342	130
351	133
355	135
357	131
357	138
366	141
366	135
369	141
371	143
381	129
383	149
383	150
386	151
389	151
397	151
400	155
399	155
403	156
412	158
415	159
414	159
418	162
426	166
431	165
431	165
433	170
436	170
443	169
447	172
447	175
449	175
458	175
461	178
460	181
463	180
471	181
474	183
473	185
477	185
485	187
489	189
486	190
491	191
501	192
503	191
501	197
505	195
513	199
517	200
515	200
512	173
527	205
531	206
535	207
533	208
538	210
545	209
550	213
549	214
552	213
559	216
563	219
563	221
568	221
575	222
577	223
577	226
583	227
590	229
592	230
592	232
598	234
604	235
607	232
607	236
611	239
619	239
622	239
621	245
625	243
633	244
637	247
637	248
639	249
648	251
652	255
649	256
654	255
663	252
666	259
665	260
669	261
677	262
681	266
682	264
683	267
691	267
696	271
694	271
699	272
707	273
710	275
710	275
713	277
721	278
725	281
723	282
727	283
735	286
739	287
738	289
741	287
749	287
752	291
751	294
757	294
763	295
767	297
765	299
770	299
779	302
781	302
780	303
783	305
791	306
795	307
794	306
797	308
806	315
803	321
808	314
812	315
818	315
823	319
824	318
825	331
829	324
837	323
840	324
839	326
843	327
851	327
854	330
853	333
858	332
865	332
869	336
866	337
870	335
882	339
881	339
879	343
883	342
891	342
895	346
891	345
895	348
903	347
907	351
905	351
909	351
916	353
919	355
917	355
921	359
927	355
931	358
929	361
932	360
939	361
943	369
941	365
945	365
951	368
955	368
954	371
955	368
964	371
967	372
965	377
969	373
977	374
981	380
979	377
983	379
991	381
993	382
991	383
996	383
1004	385
1007	388
1007	389
1011	388
1018	391
1022	393
1021	394
1026	394
1035	398
1038	398
1037	399
1039	400
1047	404
1054	405
1052	404
1055	405
1061	407
1066	409
1071	410
1070	411
1075	412
1083	414
1086	417
1085	419
1089	419
1097	418
1101	421
1100	426
1103	423
1110	423
1114	427
1116	435
1115	427
1123	428
1127	431
1125	433
1130	431
1138	433
1140	436
1139	437
1143	437
1151	439
1154	440
1151	440
1156	442
1164	444
1167	445
1165	446
1168	445
1177	447
1179	449
1178	452
1181	451
1190	451
1191	455
1191	454
1195	455
1203	457
1207	459
1203	459
1207	461
1215	461
1217	460
1215	461
1221	451
1227	464
1233	467
1228	465
1231	468
1239	471
1241	470
1238	472
1239	502
1247	475
1254	475
1257	475
1255	476
1258	477
1266	477
1270	481
1266	479
1271	481
1277	481
1279	483
1279	485
1279	479
1289	483
1292	487
1291	489
1293	489
1300	488
1303	490
1301	492
1303	491
1311	493
1315	493
1313	495
1314	495
1321	495
1323	497
1323	498
1324	497
1331	499
1333	502
1329	501
1333	501
1341	503
1343	503
1340	503
1343	505
1350	504
1351	507
1349	504
1350	503
1358	507
1361	509
1359	507
1359	510
1367	514
1369	511
1371	511
1369	511
1370	512
1377	511
1380	514
1375	515
1379	515
1385	515
1387	517
1383	517
1387	522
1392	517
1393	518
1391	520
1393	519
1399	519
1400	520
1398	522
1399	520
1405	523
1407	523
1403	522
1405	522
1413	523
1414	523
1411	525
1412	525
1419	529
1419	529
1417	524
1417	527
1423	528
1426	527
1425	528
1423	527
1425	529
1432	529
1425	538
1429	530
1431	530
1438	529
1439	531
1435	533
1438	533
1442	530
1444	533
1441	534
1443	535
1449	533
1451	535
1447	535
1447	535
1455	537
1455	535
1453	534
1453	535
1455	539
1461	537
1462	537
1458	539
1459	536
1465	535
1465	539
1463	542
1463	539
1470	538
1471	539
1467	541
1468	539
1475	540
1475	541
1471	542
1475	543
1479	543
1479	543
1477	542
1478	543
1481	543
1485	542
1480	541
1481	543
1487	546
1487	543
1483	542
1484	544
1489	547
1487	543
1491	544
1487	546
1490	545
1493	545
1493	545
1491	546
1491	544
1496	543
1497	545
1493	547
1495	547
1499	545
1499	546
1495	547
1495	545
1500	545
1501	546
1496	546
1498	546
1503	545
1502	547
1499	549
1500	547
1505	543
1503	549
1499	547
1502	546
1507	546
1507	546
1501	546
1503	545
1507	545
1508	547
1503	545
1503	546
1497	537
1509	546
1506	543
1504	547
1507	547
1510	545
1511	547
1507	549
1507	547
1511	543
1511	546
1506	546
1507	544
1513	545
1511	549
1508	546
1510	546
1515	544
1513	545
1509	546
1510	545
1514	544
1517	548
1507	541
1511	545
1515	545
1516	545
1511	543
1511	545
1516	545
1516	545
1513	543
1511	544
1518	547
1517	545
1519	546
1513	543
1515	545
1519	538
1517	545
1513	543
1515	543
1521	543
1519	544
1515	543
1515	544
1519	542
1519	543
1514	543
1517	543
1522	543
1523	546
1516	543
1518	543
1522	543
1522	543
1518	545
1518	545
1523	543
1523	543
1519	543
1518	543
1523	543
1524	543
1519	540
1519	543
1525	543
1526	543
1519	540
1519	543
1525	542
1523	543
1521	542
1521	540
1525	546
1519	557
1521	541
1521	541
1527	544
1528	543
1525	542
1522	542
1524	543
1526	541
1527	541
1525	531
1523	542
1529	541
1527	539
1523	541
1523	540
1527	543
1529	541
1523	541
1525	541
1529	541
1529	541
1525	541
1525	541
1529	540
1527	538
1525	539
1528	542
1529	540
1526	537
1527	540
1527	540
1529	540
1529	537
1526	541
1527	540
1527	537
1530	539
1529	540
1529	539
1530	539
1527	536
1527	537
1529	541
1531	538
1529	537
1527	539
1528	539
1529	543
1530	536
1527	536
1524	534
1530	535
1531	536
1527	536
1527	538
1531	538
1532	536
1527	537
1527	536
1531	535
1531	536
1527	538
1526	534
1533	535
1530	537
1527	537
1527	535
1533	535
1529	534
1527	535
1527	535
1533	535
1531	535
1526	534
1528	534
1531	534
1532	535
1527	533
1527	534
1531	534
1531	534
1527	535
1526	534
1532	532
1530	534
1525	529
1527	535
1530	533
1531	533
1525	533
1526	532
1530	529
1531	533
1524	532
1525	529
1531	531
1530	532
1525	531
1523	530
1530	531
1527	529
1523	531
1523	530
1527	529
1527	529
1522	527
1522	528
1527	530
1526	529
1524	527
1519	529
1516	530
1523	526
1521	527
1517	527
1515	525
1518	523
1519	523
1512	525
1511	524
1513	519
1511	521
1507	523
1506	522
1511	520
1509	521
1501	522
1501	518
1503	517
1506	522
1497	518
1494	516
1498	513
1496	515
1489	513
1479	487
1491	513
1487	510
1483	511
1479	509
1483	507
1480	509
1471	508
1471	506
1475	503
1471	505
1465	504
1463	502
1465	501
1463	501
1456	500
1455	498
1457	496
1454	496
1447	494
1445	493
1449	495
1446	493
1437	492
1435	491
1439	488
1437	487
1431	488
1426	486
1431	486
1428	486
1420	486
1420	483
1421	483
1419	482
1411	485
1410	479
1414	479
1409	483
1404	482
1402	475
1403	480
1402	475
1397	477
1393	473
1397	471
1394	471
1387	472
1386	469
1387	469
1386	469
1378	468
1375	466
1380	465
1376	464
1370	464
1368	462
1370	459
1369	459
1361	461
1355	462
1361	455
1357	458
1351	458
1349	455
1351	453
1348	454
1341	454
1339	450
1340	447
1338	449
1329	451
1328	447
1330	446
1327	445
1317	442
1316	441
1317	441
1314	441
1309	443
1303	441
1305	435
1301	437
1293	435
1290	432
1293	431
1287	431
1279	430
1275	427
1275	424
1274	425
1265	425
1263	422
1265	420
1259	421
1251	418
1247	417
1248	413
1245	414
1236	414
1232	411
1233	409
1230	410
1222	407
1217	405
1219	405
1215	403
1207	399
1203	399
1203	403
1199	397
1195	395
1189	395
1187	395
1187	392
1182	391
1174	390
1172	385
1174	387
1169	386
1156	385
1158	383
1157	381
1151	379
1146	380
1141	378
1149	366
1141	375
1132	377
1130	372
1130	371
1127	370
1119	370
1115	367
1117	366
1113	365
1105	365
1103	362
1103	360
1101	361
1094	359
1091	359
1091	355
1089	355
1081	354
1078	354
1080	356
1077	351
1068	351
1067	349
1066	347
1065	346
1055	348
1055	345
1055	342
1052	341
1044	343
1042	340
1044	338
1040	339
1037	340
1028	337
1031	334
1027	331
1019	333
1016	331
1019	329
1015	328
1007	327
1005	327
1005	327
1003	323
995	324
991	321
993	319
989	319
980	315
979	316
979	317
975	315
970	311
964	313
963	308
961	309
953	309
949	306
951	305
947	302
938	303
936	301
937	299
933	299
923	297
921	295
923	295
917	293
909	291
906	289
908	295
903	289
894	283
889	284
891	283
887	283
878	279
878	281
875	276
871	276
862	275
859	273
855	270
857	259
846	269
843	265
843	264
839	263
830	266
825	260
828	259
822	259
813	257
810	255
810	253
799	254
798	251
794	249
793	247
791	247
782	241
779	244
775	243
775	242
767	239
759	236
761	237
758	235
750	231
744	229
743	231
740	228
738	227
729	227
725	225
726	222
717	221
712	221
711	223
709	217
706	216
697	215
693	212
693	212
697	242
680	209
677	206
677	204
672	204
663	203
661	202
661	199
656	198
649	197
644	196
645	194
639	191
631	191
627	188
627	186
623	187
612	184
611	181
611	179
606	181
596	178
591	175
591	174
588	174
579	172
575	170
575	167
571	166
562	165
558	165
557	160
553	159
544	159
542	158
540	152
536	155
527	152
524	147
525	148
519	149
510	146
506	143
507	143
505	139
494	141
489	138
491	137
486	136
477	135
474	132
475	131
471	130
462	126
458	127
459	128
455	125
446	120
443	121
443	123
438	119
432	115
426	113
426	116
423	113
415	109
410	110
411	109
406	107
398	103
392	103
392	105
389	101
380	95
375	95
376	95
371	93
362	89
358	89
357	89
353	87
344	84
340	83
339	79
334	80
314	97
322	75
319	72
315	72
307	73
302	69
302	67
296	65
287	64
283	61
283	59
278	59
270	58
263	55
266	53
261	51
251	51
249	49
248	46
243	47
236	47
231	43
233	40
227	40
219	39
215	35
215	32
211	34
203	32
199	31
200	28
196	27
187	28
184	26
185	23
180	17
173	22
171	19
170	19
165	14
158	16
146	8
155	13
151	11
144	10
141	8
143	2
136	4
127	3
124	3
125	-1
120	-2
113	-2
109	-4
110	-8
105	-7
97	-8
92	-11
92	-12
88	-16
81	-15
77	-18
77	-19
72	-21
63	-22
62	-22
60	-25
55	-28
47	-29
42	-30
43	-34
38	-36
28	-34
24	-40
23	-41
20	-41
11	-41
6	-44
6	-49
3	-44
-9	-51
-13	-54
-13	-52
-17	-55
-26	-57
-29	-58
-31	-61
-37	-63
-45	-62
-50	-67
-49	-70
-55	-69
-63	-71
-67	-76
-67	-75
-73	-77
-81	-77
-86	-82
-85	-84
-91	-85
-99	-89
-103	-90
-103	-89
-107	-91
-117	-94
-121	-96
-121	-94
-126	-98
-131	-102
-136	-103
-139	-103
-139	-105
-145	-107
-154	-109
-155	-109
-156	-113
-161	-114
-168	-117
-169	-115
-171	-119
-176	-130
-184	-121
-187	-123
-187	-127
-191	-127
-199	-126
-201	-126
-202	-134
-208	-136
-215	-134
-219	-136
-218	-138
-222	-139
-232	-141
-235	-143
-235	-146
-240	-146
-247	-146
-251	-149
-251	-152
-255	-153
-265	-153
-268	-156
-268	-159
-270	-159
-280	-161
-283	-163
-283	-165
-287	-167
-297	-167
-301	-170
-301	-173
-306	-173
-315	-176
-317	-178
-317	-177
-322	-181
-330	-184
-334	-185
-334	-185
-338	-187
-347	-189
-351	-189
-351	-191
-355	-194
-362	-196
-367	-198
-363	-197
-371	-201
-379	-202
-383	-201
-382	-205
-387	-205
-395	-211
-399	-215
-397	-209
-401	-214
-408	-218
-414	-218
-413	-217
-419	-219
-429	-225
-430	-223
-429	-224
-433	-227
-437	-228
-445	-229
-446	-229
-448	-233
-452	-233
-460	-236
-462	-236
-463	-238
-470	-243
-475	-243
-475	-241
-480	-245
-485	-249
-492	-247
-489	-247
-493	-250
-499	-254
-504	-254
-507	-255
-508	-257
-509	-263
-518	-259
-523	-261
-522	-264
-526	-263
-533	-265
-530	-269
-536	-269
-540	-269
-548	-271
-552	-273
-551	-277
-554	-275
-563	-277
-565	-278
-565	-280
-569	-281
-577	-281
-580	-284
-577	-287
-582	-287
-591	-287
-593	-289
-593	-293
-597	-293
-604	-291
-607	-295
-607	-297
-609	-297
-617	-297
-621	-301
-621	-303
-625	-303
-633	-303
-636	-307
-633	-307
-636	-309
-646	-309
-649	-313
-647	-313
-652	-313
-659	-313
-665	-320
-661	-319
-666	-321
-673	-319
-679	-325
-670	-329
-680	-325
-688	-326
-692	-329
-692	-329
-694	-331
-702	-334
-707	-335
-705	-333
-709	-337
-715	-339
-720	-339
-724	-342
-724	-342
-726	-345
-735	-346
-739	-348
-737	-349
-741	-349
-750	-350
-753	-351
-753	-355
-757	-355
-765	-357
-768	-358
-767	-361
-774	-363
-780	-361
-783	-365
-782	-366
-787	-366
-795	-367
-797	-370
-797	-372
-801	-374
-810	-375
-812	-375
-812	-377
-817	-376
-823	-381
-824	-376
-827	-381
-830	-385
-838	-385
-844	-379
-841	-389
-844	-389
-852	-392
-856	-393
-855	-392
-859	-396
-866	-395
-872	-401
-869	-400
-875	-401
-881	-402
-882	-401
-884	-405
-891	-410
-896	-407
-894	-407
-898	-410
-908	-413
-910	-413
-909	-413
-913	-415
-920	-421
-924	-420
-923	-418
-927	-422
-933	-424
-938	-425
-937	-422
-941	-428
-949	-431
-952	-429
-950	-429
-954	-432
-960	-435
-965	-433
-965	-434
-968	-437
-974	-441
-979	-439
-980	-441
-992	-425
-986	-444
-993	-445
-994	-447
-994	-447
-1000	-450
-1007	-449
-1008	-451
-1008	-453
-1010	-453
-1018	-453
-1022	-455
-1019	-457
-1023	-458
-1030	-456
-1033	-460
-1030	-461
-1036	-462
-1043	-462
-1045	-466
-1043	-464
-1047	-465
-1055	-468
-1057	-469
-1056	-471
-1060	-471
-1067	-471
-1069	-475
-1068	-475
-1071	-477
-1078	-476
-1082	-478
-1080	-479
-1082	-479
-1091	-479
-1095	-483
-1093	-486
-1095	-484
-1106	-484
-1106	-485
-1106	-491
-1109	-489
-1116	-490
-1123	-492
-1119	-495
-1124	-494
-1131	-497
-1134	-497
-1133	-501
-1137	-501
-1147	-517
-1149	-502
-1148	-506
-1151	-505
-1161	-506
-1163	-510
-1161	-509
-1168	-510
-1175	-513
-1179	-515
-1178	-517
-1183	-514
-1190	-517
-1194	-520
-1192	-521
-1196	-521
-1205	-524
-1209	-526
-1209	-530
-1212	-528
-1221	-528
-1224	-530
-1222	-533
-1228	-534
-1234	-533
-1237	-536
-1238	-538
-1241	-537
-1249	-538
-1251	-542
-1252	-543
-1254	-544
-1261	-547
-1266	-546
-1265	-547
-1266	-553
-1276	-547
-1279	-552
-1278	-553
-1281	-553
-1290	-555
-1293	-556
-1292	-554
-1294	-557
-1302	-560
-1306	-560
-1306	-558
-1308	-561
-1311	-563
-1319	-564
-1320	-564
-1321	-566
-1322	-568
-1332	-569
-1333	-569
-1335	-571
-1337	-573
-1344	-571
-1345	-571
-1346	-576
-1351	-577
-1356	-577
-1357	-577
-1357	-578
-1365	-582
-1369	-581
-1369	-580
-1369	-580
-1377	-586
-1380	-585
-1381	-584
-1389	-575
-1387	-589
-1390	-588
-1390	-588
-1393	-589
-1405	-579
-1405	-592
-1402	-594
-1405	-594
-1413	-596
-1416	-598
-1413	-597
-1417	-598
-1423	-599
-1426	-601
-1425	-601
-1428	-601
-1436	-602
-1437	-605
-1435	-605
-1439	-605
-1446	-606
-1448	-606
-1447	-607
-1448	-609
-1455	-609
-1458	-611
-1455	-608
-1458	-612
-1466	-615
-1468	-614
-1467	-612
-1468	-614
-1472	-617
-1477	-615
-1477	-615
-1477	-617
-1479	-618
-1486	-617
-1487	-619
-1485	-622
-1488	-618
-1494	-622
-1495	-622
-1490	-621
-1495	-623
-1504	-622
-1502	-625
-1501	-625
-1505	-627
-1510	-627
-1511	-627
-1510	-627
-1513	-630
-1517	-628
-1513	-625
-1516	-629
-1522	-630
-1524	-631
-1522	-631
-1521	-629
-1530	-633
-1532	-632
-1528	-632
-1530	-633
-1536	-635
-1537	-634
-1535	-635
-1536	-634
-1542	-636
-1544	-637
-1541	-638
-1542	-637
-1548	-636
-1550	-639
-1544	-639
-1548	-638
-1555	-638
-1555	-638
-1553	-640
-1554	-640
-1561	-642
-1562	-642
-1559	-642
-1561	-645
-1568	-642
-1567	-644
-1565	-642
-1566	-643
-1573	-645
-1579	-637
-1570	-645
-1571	-645
-1577	-645
-1580	-648
-1576	-648
-1579	-647
-1583	-647
-1584	-648
-1579	-649
-1582	-647
-1588	-648
-1589	-649
-1586	-648
-1588	-649
-1592	-650
-1592	-651
-1589	-652
-1591	-651
-1598	-653
-1601	-652
-1595	-651
-1597	-652
-1604	-653
-1603	-651
-1601	-651
-1602	-653
-1607	-655
-1609	-653
-1604	-654
-1607	-654
-1612	-657
-1612	-654
-1609	-652
-1610	-656
-1614	-653
-1615	-657
-1612	-653
-1614	-654
-1618	-658
-1621	-658
-1612	-657
-1617	-656
-1621	-659
-1623	-657
-1622	-657
-1621	-658
-1621	-658
-1626	-657
-1627	-658
-1623	-660
-1623	-658
-1629	-657
-1629	-658
-1625	-659
-1625	-659
-1632	-657
-1632	-658
-1627	-660
-1627	-656
-1633	-656
-1634	-659
-1629	-661
-1630	-659
-1636	-658
-1635	-659
-1631	-659
-1632	-658
-1637	-658
-1636	-658
-1633	-660
-1633	-659
-1638	-659
-1638	-657
-1633	-661
-1637	-659
-1639	-657
-1641	-660
-1636	-661
-1636	-660
-1640	-657
-1641	-659
-1635	-659
-1637	-657
-1642	-657
-1640	-664
-1637	-659
-1638	-659
-1643	-659
-1643	-658
-1639	-660
-1639	-658
-1644	-658
-1646	-657
-1640	-661
-1640	-659
-1644	-659
-1646	-658
-1641	-659
-1641	-658
-1646	-657
-1646	-658
-1642	-658
-1643	-657
-1647	-656
-1647	-657
-1643	-657
-1643	-657
-1648	-655
-1649	-658
-1642	-657
-1645	-658
-1649	-656
-1649	-657
-1645	-659
-1645	-656
-1650	-657
-1649	-654
-1646	-656
-1645	-657
-1651	-666
-1652	-658
-1647	-655
-1647	-657
-1650	-659
-1652	-657
-1659	-680
-1648	-656
-1651	-660
-1653	-653
-1652	-657
-1649	-656
-1649	-657
-1653	-655
-1653	-656
-1649	-657
-1650	-657
-1654	-655
-1653	-656
-1655	-649
-1650	-655
-1655	-655
-1654	-655
-1650	-654
-1651	-655
-1655	-654
-1655	-654
-1653	-654
-1650	-656
-1655	-652
-1655	-654
-1651	-656
-1651	-653
-1657	-654
-1656	-654
-1651	-654
-1653	-655
-1657	-653
-1656	-653
-1652	-655
-1653	-653
-1654	-657
-1658	-653
-1653	-655
-1657	-664
-1659	-655
-1658	-654
-1665	-661
-1653	-653
-1659	-653
-1658	-653
-1655	-653
-1655	-652
-1661	-653
-1660	-653
-1655	-654
-1654	-651
-1659	-652
-1660	-652
-1655	-653
-1655	-653
-1660	-651
-1661	-652
-1657	-652
-1656	-651
-1660	-654
-1660	-651
-1657	-649
-1656	-651
-1659	-654
-1661	-651
-1659	-650
-1656	-651
-1655	-652
-1661	-650
-1661	-651
-1657	-651
-1658	-651
-1662	-652
-1659	-649
-1656	-650
-1658	-650
-1662	-649
-1662	-650
-1658	-650
-1658	-648
-1662	-649
-1662	-649
-1657	-650
-1658	-649
-1661	-649
-1668	-642
-1657	-649
-1658	-647
-1661	-647
-1662	-649
-1658	-651
-1657	-650
-1663	-646
-1662	-648
-1659	-649
-1658	-648
-1662	-646
-1661	-646
-1657	-649
-1657	-647
-1661	-646
-1661	-646
-1656	-647
-1658	-646
-1661	-646
-1662	-648
-1658	-647
-1658	-645
-1660	-646
-1660	-646
-1656	-647
-1657	-645
-1662	-643
-1661	-645
-1657	-646
-1657	-645
-1661	-643
-1662	-647
-1655	-645
-1656	-644
-1661	-649
-1660	-645
-1655	-644
-1654	-639
-1659	-643
-1659	-642
-1662	-638
-1654	-642
-1658	-642
-1658	-642
-1653	-641
-1653	-641
-1657	-643
-1655	-642
-1648	-638
-1651	-639
-1654	-644
-1654	-640
-1649	-636
-1648	-638
-1652	-640
-1651	-638
-1646	-637
-1644	-633
-1649	-637
-1646	-636
-1641	-635
-1641	-634
-1644	-635
-1642	-634
-1637	-633
-1637	-631
-1639	-633
-1636	-631
-1630	-629
-1630	-631
-1633	-633
-1631	-628
-1624	-626
-1623	-628
-1625	-626
-1627	-629
-1618	-624
-1616	-624
-1619	-626
-1618	-622
-1610	-619
-1610	-621
-1610	-622
-1609	-619
-1605	-617
-1601	-617
-1600	-618
-1602	-615
-1597	-614
-1592	-613
-1589	-613
-1590	-613
-1587	-609
-1583	-610
-1580	-610
-1582	-605
-1580	-608
-1573	-607
-1572	-605
-1574	-603
-1570	-601
-1564	-601
-1563	-601
-1565	-600
-1563	-600
-1565	-600
-1554	-597
-1557	-596
-1554	-595
-1548	-598
-1546	-594
-1548	-593
-1546	-592
-1540	-589
-1537	-591
-1540	-592
-1537	-590
-1531	-585
-1529	-587
-1528	-591
-1530	-586
-1527	-585
-1521	-584
-1518	-582
-1521	-582
-1529	-553
-1512	-579
-1510	-579
-1512	-577
-1510	-577
-1502	-577
-1501	-577
-1503	-574
-1501	-574
-1493	-573
-1493	-572
-1494	-571
-1492	-571
-1487	-569
-1483	-567
-1485	-571
-1481	-567
-1478	-561
-1472	-563
-1471	-563
-1471	-561
-1469	-562
-1461	-561
-1459	-558
-1461	-558
-1457	-558
-1449	-555
-1446	-554
-1449	-553
-1446	-554
-1438	-553
-1435	-551
-1438	-553
-1433	-550
-1426	-545
-1421	-541
-1422	-547
-1418	-542
-1414	-546
-1407	-538
-1404	-539
-1407	-541
-1401	-535
-1395	-534
-1390	-535
-1393	-531
-1386	-532
-1379	-529
-1374	-527
-1377	-529
-1373	-527
-1365	-524
-1368	-521
-1362	-522
-1357	-519
-1349	-516
-1347	-516
-1348	-518
-1343	-515
-1335	-510
-1331	-511
-1329	-510
-1330	-509
-1322	-506
-1317	-505
-1316	-506
-1315	-505
-1309	-502
-1303	-500
-1300	-500
-1300	-497
-1296	-496
-1288	-496
-1284	-493
-1285	-490
-1280	-492
-1273	-493
-1271	-488
-1271	-486
-1263	-489
-1260	-485
-1256	-484
-1259	-481
-1254	-480
-1247	-480
-1246	-475
-1244	-477
-1241	-475
-1235	-475
-1231	-473
-1233	-471
-1228	-470
-1221	-471
-1218	-468
-1220	-466
-1216	-467
-1209	-466
-1205	-465
-1207	-464
-1205	-462
-1197	-461
-1193	-460
-1195	-456
-1191	-457
-1185	-457
-1183	-456
-1183	-453
-1180	-453
-1172	-454
-1170	-453
-1173	-449
-1169	-451
-1161	-448
-1159	-447
-1159	-447
-1157	-445
-1149	-443
-1145	-441
-1147	-440
-1143	-440
-1136	-435
-1134	-437
-1134	-436
-1131	-433
-1124	-434
-1123	-433
-1116	-433
-1117	-431
-1109	-430
-1107	-428
-1108	-425
-1104	-425
-1096	-425
-1093	-422
-1094	-419
-1091	-420
-1083	-421
-1079	-419
-1081	-417
-1076	-414
-1068	-415
-1063	-412
-1065	-409
-1061	-410
-1053	-410
-1049	-408
-1050	-405
-1046	-405
-1037	-403
-1033	-401
-1035	-398
-1031	-399
-1023	-397
-1019	-396
-1019	-393
-1013	-391
-1006	-390
-1004	-389
-1002	-385
-999	-387
-989	-386
-987	-378
-987	-381
-983	-381
-971	-382
-970	-377
-971	-374
-966	-377
-957	-374
-954	-372
-953	-370
-949	-369
-941	-367
-937	-365
-939	-364
-934	-362
-925	-363
-921	-360
-922	-358
-918	-357
-909	-356
-905	-353
-905	-353
-902	-352
-892	-350
-888	-347
-889	-345
-885	-345
-877	-345
-873	-342
-874	-339
-869	-341
-861	-339
-857	-336
-857	-333
-852	-333
-844	-332
-840	-329
-840	-329
-838	-327
-827	-327
-825	-324
-825	-321
-821	-322
-811	-316
-809	-319
-808	-317
-805	-316
-795	-313
-790	-309
-792	-312
-795	-286
-779	-309
-775	-307
-775	-305
-771	-305
-761	-301
-758	-301
-759	-297
-754	-297
-744	-296
-742	-293
-741	-290
-737	-291
-728	-287
-724	-289
-723	-289
-720	-283
-713	-282
-706	-280
-705	-281
-702	-280
-696	-273
-689	-274
-689	-277
-685	-272
-676	-268
-673	-267
-673	-269
-671	-269
-660	-262
-656	-261
-656	-263
-651	-260
-642	-259
-639	-253
-637	-252
-635	-253
-626	-253
-621	-249
-623	-249
-618	-247
-615	-206
-605	-244
-607	-242
-601	-243
-594	-242
-590	-237
-591	-236
-587	-235
-579	-235
-575	-233
-576	-230
-572	-230
-562	-228
-559	-228
-560	-225
-555	-223
-548	-225
-544	-221
-544	-219
-539	-219
-530	-217
-526	-216
-527	-212
-522	-212
-514	-211
-510	-208
-509	-207
-505	-205
-495	-203
-491	-203
-492	-199
-486	-199
-477	-198
-474	-196
-473	-194
-466	-189
-460	-189
-455	-189
-455	-181
-448	-183
-440	-183
-437	-182
-437	-179
-431	-177
-424	-170
-417	-175
-417	-171
-413	-171
-405	-172
-401	-167
-401	-166
-395	-164
-387	-163
-383	-161
-383	-159
-379	-157
-371	-157
-367	-155
-367	-154
-361	-150
-354	-150
-354	-152
-351	-146
-343	-145
-339	-145
-339	-145
-336	-143
-325	-136
-324	-138
-324	-139
-321	-136
-312	-132
-309	-133
-309	-135
-306	-130
-301	-129
-294	-129
-291	-126
-291	-124
-285	-127
-278	-121
-275	-120
-274	-117
-272	-116
-263	-116
-257	-141
-261	-113
-256	-111
-247	-110
-243	-109
-244	-106
-241	-105
-231	-105
-227	-101
-227	-98
-223	-99
-213	-97
-213	-96
-211	-91
-207	-93
-197	-91
-193	-89
-193	-87
-189	-86
-181	-85
-177	-81
-177	-81
-171	-79
-162	-77
-158	-74
-158	-71
-153	-71
-144	-69
-140	-68
-140	-66
-135	-63
-125	-62
-121	-57
-121	-60
-117	-56
-108	-57
-103	-52
-102	-51
-98	-54
-89	-49
-84	-45
-86	-45
-80	-43
-71	-41
-69	-33
-67	-35
-61	-35
-53	-33
-49	-31
-49	-29
-44	-28
-36	-26
-32	-25
-31	-22
-26	-21
-18	-19
-14	-17
-15	-15
-10	-13
-1	-12
3	-9
3	-6
7	-7
16	-5
19	-2
19	-1
22	-3
31	-1
33	4
33	6
36	4
47	9
50	11
49	9
53	11
60	17
65	12
67	15
69	19
75	20
81	23
84	25
85	27
89	26
97	28
103	23
101	35
104	33
114	35
117	39
116	40
121	40
131	42
131	46
134	46
138	47
147	49
151	51
149	53
154	55
163	54
167	59
167	62
171	62
181	66
184	65
183	67
188	68
197	69
202	72
202	75
206	76
213	77
217	79
217	81
220	81
229	83
233	83
235	86
235	87
247	84
250	93
248	97
251	92
261	95
265	99
258	111
268	102
277	102
280	105
280	107
283	108
293	110
297	112
295	113
300	114
307	115
309	117
310	119
315	121
321	120
326	123
325	127
330	127
338	127
342	130
340	131
